Alpha CL CD
-1.800000000000000000e+02 2.449293598294706414e-16 4.388706287272726327e-10
-1.789972144846796596e+02 3.499667013317261238e-02 4.594288254423682183e-04
-1.779944289693593191e+02 6.995046437017343743e-02 1.837150982981878905e-03
-1.769916434540390071e+02 1.048185593439011354e-01 4.131479007583140246e-03
-1.759888579387186667e+02 1.395582366810349806e-01 7.339602024316238017e-03
-1.749860724233983262e+02 1.741269353381127427e-01 1.145758962916872299e-02
-1.739832869080779858e+02 2.084823037448657601e-01 1.648039670593807668e-02
-1.729805013927576738e+02 2.425822516909063586e-01 2.240186960628836460e-02
-1.719777158774373333e+02 2.763850018922253682e-01 2.921475368840785111e-02
-1.709749303621169929e+02 3.098491411743015678e-01 3.691070220679116415e-02
-1.699721448467966525e+02 3.429336712091263784e-01 4.548028653724932313e-02
-1.689693593314763120e+02 3.755980587439857743e-01 5.491300772853715401e-02
-1.679665738161560000e+02 4.078022852604588633e-01 6.519730936558486289e-02
-1.669637883008356596e+02 4.395068960027904703e-01 7.632059172685548565e-02
-1.659610027855153191e+02 4.706730483155736611e-01 8.826922722325980519e-02
-1.649582172701949787e+02 5.012625592315299583e-01 1.010285770918746551e-01
-1.639554317548746667e+02 5.312379522510665142e-01 1.145830093321491827e-01
-1.629526462395543263e+02 5.605625032563212873e-01 1.289159178575131626e-01
-1.619498607242339858e+02 5.892002855034255138e-01 1.440097428403174784e-01
-1.609470752089136454e+02 6.171162136378717245e-01 1.598459922257643440e-01
-1.599442896935933049e+02 6.442760866790615548e-01 1.764052643886581395e-01
-1.589415041782729929e+02 6.706466299213712512e-01 1.936672719023487532e-01
-1.579387186629526525e+02 6.961955357003944966e-01 2.116108663964279823e-01
-1.569359331476323121e+02 7.208915029744228375e-01 2.302140644656220092e-01
-1.559331476323119716e+02 7.447042756726754975e-01 2.494540746053114655e-01
-1.549303621169916596e+02 7.676046797632832819e-01 2.693073251341157603e-01
-1.539275766016713192e+02 7.895646589956286654e-01 2.897494930755977194e-01
-1.529247910863509787e+02 8.105573092732397678e-01 3.107555339581778431e-01
-1.519220055710306383e+02 8.305569116151322318e-01 3.322997125005191510e-01
-1.509192200557102979e+02 8.495389636652184162e-01 3.543556341431546852e-01
-1.499164345403899574e+02 8.674802097111785626e-01 3.768962773885516371e-01
-1.489136490250696454e+02 8.843586691760108032e-01 3.998940269087457589e-01
-1.479108635097493050e+02 9.001536635473661452e-01 4.233207073828881839e-01
-1.469080779944289645e+02 9.148458417116646091e-01 4.471476180193348360e-01
-1.459052924791086525e+02 9.284172036619591228e-01 4.713455677236518815e-01
-1.449025069637883121e+02 9.408511225505055142e-01 4.958849108672599426e-01
-1.438997214484679716e+02 9.521323650590131082e-01 5.207355836140390437e-01
-1.428969359331476312e+02 9.622471100616249995e-01 5.458671407611044302e-01
-1.418941504178272908e+02 9.711829655577630671e-01 5.712487930461819241e-01
-1.408913649025069503e+02 9.789289838540896627e-01 5.968494448801520136e-01
-1.398885793871866383e+02 9.854756749769890689e-01 6.226377324549656755e-01
-1.388857938718662979e+02 9.908150182991337651e-01 6.485820621818160214e-01
-1.378830083565459574e+02 9.949404723658928917e-01 6.746506494144289823e-01
-1.368802228412256454e+02 9.978469829095448773e-01 7.008115574066561271e-01
-1.358774373259053050e+02 9.995309890414731946e-01 7.270327364617612531e-01
-1.348746518105849646e+02 9.999904276147617566e-01 7.532820632211142398e-01
-1.338718662952646241e+02 9.992247357518426742e-01 7.795273800474918913e-01
-1.328690807799442837e+02 9.972348515341015185e-01 8.057365344553233388e-01
-1.318662952646239432e+02 9.940232128525946509e-01 8.318774185382376007e-01
-1.308635097493036312e+02 9.895937544212854986e-01 8.579180083487526476e-01
-1.298607242339832908e+02 9.839519029564604002e-01 8.838264031804665688e-01
-1.288579387186629504e+02 9.771045705282310756e-01 9.095708647075897435e-01
-1.278551532033426241e+02 9.690601460922640964e-01 9.351198559324528370e-01
-1.268523676880222837e+02 9.598284852121188315e-01 9.604420798978148266e-01
-1.258495821727019575e+02 9.494208979847814645e-01 9.855065181148849884e-01
-1.248467966573816170e+02 9.378501351841862510e-01 1.010282468662749178e+00
-1.238440111420612766e+02 9.251303726397073213e-01 1.034739583915112782e+00
-1.228412256267409504e+02 9.112771938687510564e-01 1.058847907848770253e+00
-1.218384401114206241e+02 8.963075709847310168e-01 1.082577912891162564e+00
-1.208356545961002837e+02 8.802398439038175981e-01 1.105900536265360889e+00
-1.198328690807799433e+02 8.630936978759337075e-01 1.128787215788598086e+00
-1.188300835654596028e+02 8.448901393675228855e-01 1.151209925086594366e+00
-1.178272980501392766e+02 8.256514703256450094e-01 1.173141208182958417e+00
-1.168245125348189504e+02 8.054012608549169228e-01 1.194554213425520262e+00
-1.158217270194986099e+02 7.841643203407852036e-01 1.215422726714280088e+00
-1.148189415041782695e+02 7.619666670545032217e-01 1.235721203994267325e+00
-1.138161559888579433e+02 7.388354962770485868e-01 1.255424802981111254e+00
-1.128133704735376028e+02 7.147991469810366372e-01 1.274509414086748560e+00
-1.118105849582172766e+02 6.898870671114527564e-01 1.292951690516904506e+00
-1.108077994428969362e+02 6.641297775077308341e-01 1.310729077509863449e+00
-1.098050139275766099e+02 6.375588345113893940e-01 1.327819840694144826e+00
-1.088022284122562695e+02 6.102067913050222003e-01 1.344203093539371174e+00
-1.077994428969359433e+02 5.821071580300271053e-01 1.359858823880755851e+00
-1.067966573816156028e+02 5.532943607319140700e-01 1.374767919498365520e+00
-1.057938718662952624e+02 5.238036991835081091e-01 1.388912192737091322e+00
-1.047910863509749362e+02 4.936713036377100572e-01 1.402274404153588394e+00
-1.037883008356545957e+02 4.629340905627963854e-01 1.414838285182211441e+00
-1.027855153203342695e+02 4.316297174145014015e-01 1.426588559814386370e+00
-1.017827298050139291e+02 3.997965365002785765e-01 1.437510965289206188e+00
-1.007799442896936029e+02 3.674735479922722758e-01 1.447592271797488728e+00
-9.977715877437326242e+01 3.347003521465605758e-01 1.456820301205349333e+00
-9.877437325905292198e+01 3.015171007872157749e-01 1.465183944808113425e+00
-9.777158774373259575e+01 2.679644481146068458e-01 1.472673180129069559e+00
-9.676880222841225532e+01 2.340835008982297960e-01 1.479279086783155561e+00
-9.576601671309192909e+01 1.999157681150672272e-01 1.484993861430717876e+00
-9.476323119777158865e+01 1.655031100951886158e-01 1.489810831850505668e+00
-9.376044568245126243e+01 1.308876872369022781e-01 1.493724470168237062e+00
-9.275766016713092199e+01 9.611190835426756951e-02 1.496730405280424669e+00
-9.175487465181058155e+01 6.121837872026884148e-02 1.498825434520786093e+00
-9.075208913649025533e+01 2.624984786930384742e-02 1.500007534620480865e+00
-8.974930362116991489e+01 -8.750842777079130205e-03 1.500275872019857237e+00
-8.874651810584958866e+01 -4.374081239700938761e-02 1.499630812594400231e+00
-8.774373259052924823e+01 -7.867719330339995043e-02 1.498073930862712455e+00
-8.674094707520892200e+01 -1.135171834629541687e-01 1.495608018749053691e+00
-8.573816155988858156e+01 -1.482180989347469946e-01 1.492237093976720885e+00
-8.473537604456825534e+01 -1.827374261641157016e-01 1.487966408172356703e+00
-8.373259052924791490e+01 -2.170328740678115487e-01 1.482802454762491839e+00
-8.272980501392757446e+01 -2.510624258465929404e-01 1.476752976745062229e+00
-8.172701949860724824e+01 -2.847843904617701205e-01 1.469826974417248522e+00
-8.072423398328690780e+01 -3.181574537126662938e-01 1.462034713137336128e+00
-7.972144846796658157e+01 -3.511407288523796799e-01 1.453387731192778975e+00
-7.871866295264624114e+01 -3.836938066798715741e-01 1.443898847836842858e+00
-7.771587743732591491e+01 -4.157768050469819454e-01 1.433582171542718386e+00
-7.671309192200557447e+01 -4.473504177197409337e-01 1.422453108506162689e+00
-7.571030640668524825e+01 -4.783759625341009181e-01 1.410528371403217074e+00
-7.470752089136490781e+01 -5.088154287871006209e-01 1.397825988379295392e+00
-7.370473537604456737e+01 -5.386315238054038002e-01 1.384365312207125553e+00
-7.270194986072424115e+01 -5.677877186341511173e-01 1.370167029503188694e+00
-7.169916434540390071e+01 -5.962482927901702201e-01 1.355253169834005789e+00
-7.069637883008357448e+01 -6.239783780247081246e-01 1.339647114472715339e+00
-6.969359331476323405e+01 -6.509440010420826095e-01 1.323373604481676624e+00
-6.869080779944290782e+01 -6.771121251219356374e-01 1.306458747695840694e+00
-6.768802228412256738e+01 -7.024506905941039214e-01 1.288930024062824531e+00
-6.668523676880222695e+01 -7.269286541165521642e-01 1.270816288655873816e+00
-6.568245125348190072e+01 -7.505160267082859882e-01 1.252147771513717700e+00
-6.467966573816156028e+01 -7.731839104907048954e-01 1.232956073273382414e+00
-6.367688022284123406e+01 -7.949045340924600911e-01 1.213274155345862582e+00
-6.267409470752089362e+01 -8.156512866745645463e-01 1.193136323137761634e+00
-6.167130919220056740e+01 -8.353987505342298503e-01 1.172578200541456450e+00
-6.066852367688022696e+01 -8.541227322477354944e-01 1.151636693599746186e+00
-5.966573816155988652e+01 -8.718002923145272698e-01 1.130349940895904126e+00
-5.866295264623956029e+01 -8.884097732667252112e-01 1.108757247825055581e+00
-5.766016713091921986e+01 -9.039308262103400438e-01 1.086899001466291148e+00
-5.665738161559889363e+01 -9.183444357667202018e-01 1.064816562297896896e+00
-5.565459610027855319e+01 -9.316329433851884279e-01 1.042552128481230023e+00
-5.465181058495822697e+01 -9.437800690004617410e-01 1.020148567887504854e+00
-5.364902506963788653e+01 -9.547709310114435022e-01 9.976492124631002323e-01
-5.264623955431756031e+01 -9.645920645613628164e-01 9.750976089353927678e-01
-5.164345403899721987e+01 -9.732314381032940442e-01 9.525372192728661647e-01
-5.064066852367687943e+01 -9.806784682399199982e-01 9.300110637579787065e-01
-4.963788300835653899e+01 -9.869240328325484812e-01 9.075612990523802548e-01
-4.863509749303622698e+01 -9.919604823821420725e-01 8.852287232907560810e-01
-4.763231197771588654e+01 -9.957816496953907359e-01 8.630522001176914593e-01
-4.662952646239554610e+01 -9.983828578625060235e-01 8.410679938000386047e-01
-4.562674094707520567e+01 -9.997609265920114341e-01 8.193090082692560117e-01
-4.462395543175489365e+01 -9.999141769732921015e-01 7.978039243981931428e-01
-4.362116991643455322e+01 -9.988424347730419095e-01 7.765762322957544539e-01
-4.261838440111421278e+01 -9.965470324210298214e-01 7.556431593103101196e-01
-4.161559888579387234e+01 -9.930308099096345487e-01 7.350145002872741085e-01
-4.061281337047353190e+01 -9.882981149284596478e-01 7.146913650859014755e-01
-3.961002785515321989e+01 -9.823548026914975528e-01 6.946648702299914602e-01
-3.860724233983287945e+01 -9.752082361057504700e-01 6.749148177867225762e-01
-3.760445682451253901e+01 -9.668672871992818330e-01 6.554084261523916988e-01
-3.660167130919219858e+01 -9.573423411045386411e-01 6.360992053300124072e-01
-3.559888579387188656e+01 -9.466453044225809910e-01 6.169261041500775367e-01
-3.459610027855154613e+01 -9.347896205353305454e-01 5.978130985899541283e-01
-3.359331476323120569e+01 -9.217902954679583205e-01 5.786694373140273129e-01
-3.259052924791086525e+01 -9.076639393440608661e-01 5.593908087668830742e-01
-3.158774373259052481e+01 -8.924288304737133526e-01 5.398617358734029148e-01
-3.058495821727021280e+01 -8.761050118717415014e-01 5.199595268070029697e-01
-2.958217270194987236e+01 -8.587144337884533574e-01 4.995600944145603406e-01
-2.857938718662953193e+01 -8.402811609941540638e-01 4.785458777713766376e-01
-2.757660167130919149e+01 -8.208316705270726210e-01 4.568159286882331194e-01
-2.657381615598885105e+01 -8.003952749123589561e-01 4.342979390012434160e-01
-2.557103064066853904e+01 -7.790047180580913500e-01 4.109615720576961229e-01
-2.456824512534819860e+01 -7.566970066476308432e-01 3.868319477363644232e-01
-2.356545961002785816e+01 -7.335145590817196970e-01 3.620015891008241948e-01
-2.256267409470751772e+01 -7.095067762252529331e-01 3.366387048781489533e-01
-2.155988857938720571e+01 -6.847321607413165978e-01 3.109895371984633949e-01
-2.055710306406686527e+01 -6.592611277834572459e-01 2.853728313659240623e-01
-1.955431754874652484e+01 -6.331796438939222282e-01 2.601653895094162561e-01
-1.855153203342618440e+01 -6.065937713408805498e-01 2.357790950886976544e-01
-1.754874651810584396e+01 -5.796350198271102983e-01 2.126314727374866709e-01
-1.654596100278553195e+01 -5.524660023002687659e-01 1.911133408456134886e-01
-1.554317548746519151e+01 -5.252850611601397324e-01 1.715579564107311550e-01
-1.454038997214485107e+01 -4.983269800911020453e-01 1.542159373939880340e-01
-1.353760445682451063e+01 -4.718542840278243666e-01 1.392391755878833459e-01
-1.253481894150419862e+01 -4.461298687647767269e-01 1.266752381706308661e-01
-1.153203342618385818e+01 -4.213578488213685080e-01 1.164719001197056514e-01
-1.052924791086351775e+01 -3.975795879319767301e-01 1.084899373346134149e-01
-9.526462395543177308e+00 -3.745248491874091923e-01 1.025214415827264552e-01
-8.523676880222836871e+00 -3.514552391854181557e-01 9.831074632324761364e-02
-7.520891364902524856e+00 -3.270956179261425012e-01 9.557543031823874380e-02
-6.518105849582184419e+00 -2.997814861696906918e-01 9.402555194804762539e-02
-5.515320334261843982e+00 -2.678708758940973045e-01 9.338002635224587622e-02
-4.512534818941503545e+00 -2.302667539868505919e-01 9.337972333477208287e-02
-3.509749303621163108e+00 -1.867486722045552938e-01 9.379735405674763382e-02
-2.506963788300851093e+00 -1.379235903212238934e-01 9.444451556197926145e-02
-1.504178272980510656e+00 -8.488542193031302363e-02 9.517640269685329057e-02
-5.013927576601702185e-01 -2.882782031869388778e-02 9.589472227460678344e-02
5.013927576601702185e-01 2.882782031869388778e-02 9.589472227460678344e-02
1.504178272980482234e+00 8.488542193031148320e-02 9.517640269685330445e-02
2.506963788300822671e+00 1.379235903212224779e-01 9.444451556197927533e-02
3.509749303621163108e+00 1.867486722045552938e-01 9.379735405674763382e-02
4.512534818941503545e+00 2.302667539868505919e-01 9.337972333477208287e-02
5.515320334261843982e+00 2.678708758940973045e-01 9.338002635224587622e-02
6.518105849582155997e+00 2.997814861696898592e-01 9.402555194804758376e-02
7.520891364902496434e+00 3.270956179261417240e-01 9.557543031823870217e-02
8.523676880222836871e+00 3.514552391854181557e-01 9.831074632324761364e-02
9.526462395543177308e+00 3.745248491874091923e-01 1.025214415827264552e-01
1.052924791086348932e+01 3.975795879319760640e-01 1.084899373346132206e-01
1.153203342618382976e+01 4.213578488213678974e-01 1.164719001197054016e-01
1.253481894150417020e+01 4.461298687647761163e-01 1.266752381706305608e-01
1.353760445682451063e+01 4.718542840278243666e-01 1.392391755878833459e-01
1.454038997214485107e+01 4.983269800911020453e-01 1.542159373939880340e-01
1.554317548746516309e+01 5.252850611601389552e-01 1.715579564107306276e-01
1.654596100278550352e+01 5.524660023002680997e-01 1.911133408456129057e-01
1.754874651810584396e+01 5.796350198271102983e-01 2.126314727374866709e-01
1.855153203342618440e+01 6.065937713408805498e-01 2.357790950886976544e-01
1.955431754874649641e+01 6.331796438939216731e-01 2.601653895094155899e-01
2.055710306406683685e+01 6.592611277834564687e-01 2.853728313659233407e-01
2.155988857938717729e+01 6.847321607413158207e-01 3.109895371984626733e-01
2.256267409470751772e+01 7.095067762252529331e-01 3.366387048781489533e-01
2.356545961002785816e+01 7.335145590817196970e-01 3.620015891008241948e-01
2.456824512534817018e+01 7.566970066476301771e-01 3.868319477363636461e-01
2.557103064066851061e+01 7.790047180580906838e-01 4.109615720576955122e-01
2.657381615598885105e+01 8.003952749123589561e-01 4.342979390012434160e-01
2.757660167130919149e+01 8.208316705270726210e-01 4.568159286882331194e-01
2.857938718662950350e+01 8.402811609941535087e-01 4.785458777713760270e-01
2.958217270194984394e+01 8.587144337884528023e-01 4.995600944145598410e-01
3.058495821727018438e+01 8.761050118717409463e-01 5.199595268070021925e-01
3.158774373259052481e+01 8.924288304737133526e-01 5.398617358734029148e-01
3.259052924791086525e+01 9.076639393440608661e-01 5.593908087668830742e-01
3.359331476323117727e+01 9.217902954679578764e-01 5.786694373140270908e-01
3.459610027855151770e+01 9.347896205353302124e-01 5.978130985899534622e-01
3.559888579387185814e+01 9.466453044225806579e-01 6.169261041500772036e-01
3.660167130919219858e+01 9.573423411045386411e-01 6.360992053300124072e-01
3.760445682451253901e+01 9.668672871992818330e-01 6.554084261523916988e-01
3.860724233983285103e+01 9.752082361057502480e-01 6.749148177867216880e-01
3.961002785515319147e+01 9.823548026914973308e-01 6.946648702299904610e-01
4.061281337047353190e+01 9.882981149284596478e-01 7.146913650859014755e-01
4.161559888579387234e+01 9.930308099096345487e-01 7.350145002872741085e-01
4.261838440111418436e+01 9.965470324210297104e-01 7.556431593103093425e-01
4.362116991643452479e+01 9.988424347730417985e-01 7.765762322957550090e-01
4.462395543175486523e+01 9.999141769732921015e-01 7.978039243981923656e-01
4.562674094707520567e+01 9.997609265920114341e-01 8.193090082692560117e-01
4.662952646239554610e+01 9.983828578625060235e-01 8.410679938000386047e-01
4.763231197771585812e+01 9.957816496953907359e-01 8.630522001176904601e-01
4.863509749303619856e+01 9.919604823821421835e-01 8.852287232907553038e-01
4.963788300835653899e+01 9.869240328325484812e-01 9.075612990523802548e-01
5.064066852367687943e+01 9.806784682399199982e-01 9.300110637579787065e-01
5.164345403899719145e+01 9.732314381032942663e-01 9.525372192728654985e-01
5.264623955431753188e+01 9.645920645613631494e-01 9.750976089353917686e-01
5.364902506963787232e+01 9.547709310114437242e-01 9.976492124631000102e-01
5.465181058495821276e+01 9.437800690004618520e-01 1.020148567887504631e+00
5.565459610027855319e+01 9.316329433851884279e-01 1.042552128481230023e+00
5.665738161559886521e+01 9.183444357667205349e-01 1.064816562297896230e+00
5.766016713091920565e+01 9.039308262103402658e-01 1.086899001466290704e+00
5.866295264623954608e+01 8.884097732667253222e-01 1.108757247825055137e+00
5.966573816155988652e+01 8.718002923145272698e-01 1.130349940895904126e+00
6.066852367688022696e+01 8.541227322477354944e-01 1.151636693599746186e+00
6.167130919220053897e+01 8.353987505342304054e-01 1.172578200541455784e+00
6.267409470752087941e+01 8.156512866745647683e-01 1.193136323137761412e+00
6.367688022284121985e+01 7.949045340924604242e-01 1.213274155345862138e+00
6.467966573816156028e+01 7.731839104907048954e-01 1.232956073273382414e+00
6.568245125348187230e+01 7.505160267082866543e-01 1.252147771513717256e+00
6.668523676880221274e+01 7.269286541165524973e-01 1.270816288655873372e+00
6.768802228412255317e+01 7.024506905941042545e-01 1.288930024062824531e+00
6.869080779944289361e+01 6.771121251219363035e-01 1.306458747695839806e+00
6.969359331476323405e+01 6.509440010420826095e-01 1.323373604481676624e+00
7.069637883008354606e+01 6.239783780247087908e-01 1.339647114472715117e+00
7.169916434540388650e+01 5.962482927901708862e-01 1.355253169834005345e+00
7.270194986072422694e+01 5.677877186341514504e-01 1.370167029503188472e+00
7.370473537604456737e+01 5.386315238054038002e-01 1.384365312207125553e+00
7.470752089136487939e+01 5.088154287871017312e-01 1.397825988379295170e+00
7.571030640668521983e+01 4.783759625341016952e-01 1.410528371403216630e+00
7.671309192200556026e+01 4.473504177197413223e-01 1.422453108506162689e+00
7.771587743732590070e+01 4.157768050469823895e-01 1.433582171542718386e+00
7.871866295264624114e+01 3.836938066798715741e-01 1.443898847836842858e+00
7.972144846796658157e+01 3.511407288523796799e-01 1.453387731192778975e+00
8.072423398328692201e+01 3.181574537126658497e-01 1.462034713137336572e+00
8.172701949860720561e+01 2.847843904617713973e-01 1.469826974417248078e+00
8.272980501392754604e+01 2.510624258465937730e-01 1.476752976745062229e+00
8.373259052924788648e+01 2.170328740678124091e-01 1.482802454762491395e+00
8.473537604456822692e+01 1.827374261641165898e-01 1.487966408172356259e+00
8.573816155988856735e+01 1.482180989347474387e-01 1.492237093976720885e+00
8.674094707520890779e+01 1.135171834629546128e-01 1.495608018749053691e+00
8.774373259052924823e+01 7.867719330339995043e-02 1.498073930862712455e+00
8.874651810584958866e+01 4.374081239700938761e-02 1.499630812594400231e+00
8.974930362116992910e+01 8.750842777078686116e-03 1.500275872019857237e+00
9.075208913649021270e+01 -2.624984786930251515e-02 1.500007534620480865e+00
9.175487465181055313e+01 -6.121837872026796024e-02 1.498825434520786537e+00
9.275766016713089357e+01 -9.611190835426668133e-02 1.496730405280424669e+00
9.376044568245123401e+01 -1.308876872369013900e-01 1.493724470168237062e+00
9.476323119777157444e+01 -1.655031100951877276e-01 1.489810831850506112e+00
9.576601671309191488e+01 -1.999157681150667831e-01 1.484993861430717876e+00
9.676880222841225532e+01 -2.340835008982297960e-01 1.479279086783155561e+00
9.777158774373259575e+01 -2.679644481146068458e-01 1.472673180129069559e+00
9.877437325905293619e+01 -3.015171007872161635e-01 1.465183944808113425e+00
9.977715877437321979e+01 -3.347003521465592990e-01 1.456820301205349777e+00
1.007799442896935602e+02 -3.674735479922706660e-01 1.447592271797488950e+00
1.017827298050139007e+02 -3.997965365002777993e-01 1.437510965289206633e+00
1.027855153203342411e+02 -4.316297174145006244e-01 1.426588559814386592e+00
1.037883008356545815e+02 -4.629340905627959968e-01 1.414838285182211663e+00
1.047910863509749220e+02 -4.936713036377097241e-01 1.402274404153588838e+00
1.057938718662952624e+02 -5.238036991835081091e-01 1.388912192737091322e+00
1.067966573816156028e+02 -5.532943607319140700e-01 1.374767919498365520e+00
1.077994428969359433e+02 -5.821071580300271053e-01 1.359858823880755851e+00
1.088022284122562269e+02 -6.102067913050210901e-01 1.344203093539371618e+00
1.098050139275765673e+02 -6.375588345113883948e-01 1.327819840694145270e+00
1.108077994428969077e+02 -6.641297775077302790e-01 1.310729077509863894e+00
1.118105849582172482e+02 -6.898870671114518682e-01 1.292951690516905394e+00
1.128133704735375886e+02 -7.147991469810363041e-01 1.274509414086748782e+00
1.138161559888579291e+02 -7.388354962770482537e-01 1.255424802981111698e+00
1.148189415041782695e+02 -7.619666670545032217e-01 1.235721203994267325e+00
1.158217270194986099e+02 -7.841643203407852036e-01 1.215422726714280088e+00
1.168245125348189504e+02 -8.054012608549169228e-01 1.194554213425520262e+00
1.178272980501392908e+02 -8.256514703256450094e-01 1.173141208182958417e+00
1.188300835654595744e+02 -8.448901393675224414e-01 1.151209925086595032e+00
1.198328690807799148e+02 -8.630936978759332634e-01 1.128787215788598530e+00
1.208356545961002553e+02 -8.802398439038171540e-01 1.105900536265361556e+00
1.218384401114205957e+02 -8.963075709847306838e-01 1.082577912891163230e+00
1.228412256267409361e+02 -9.112771938687510564e-01 1.058847907848770253e+00
1.238440111420612766e+02 -9.251303726397073213e-01 1.034739583915112782e+00
1.248467966573816170e+02 -9.378501351841862510e-01 1.010282468662749178e+00
1.258495821727019575e+02 -9.494208979847814645e-01 9.855065181148849884e-01
1.268523676880222979e+02 -9.598284852121188315e-01 9.604420798978148266e-01
1.278551532033425815e+02 -9.690601460922636523e-01 9.351198559324541693e-01
1.288579387186629219e+02 -9.771045705282308536e-01 9.095708647075902986e-01
1.298607242339832624e+02 -9.839519029564602892e-01 8.838264031804673460e-01
1.308635097493036028e+02 -9.895937544212853876e-01 8.579180083487532027e-01
1.318662952646239432e+02 -9.940232128525946509e-01 8.318774185382376007e-01
1.328690807799442837e+02 -9.972348515341015185e-01 8.057365344553233388e-01
1.338718662952646241e+02 -9.992247357518426742e-01 7.795273800474918913e-01
1.348746518105849646e+02 -9.999904276147617566e-01 7.532820632211142398e-01
1.358774373259053050e+02 -9.995309890414731946e-01 7.270327364617612531e-01
1.368802228412255886e+02 -9.978469829095449883e-01 7.008115574066575704e-01
1.378830083565459290e+02 -9.949404723658930028e-01 6.746506494144297594e-01
1.388857938718662695e+02 -9.908150182991338761e-01 6.485820621818166876e-01
1.398885793871866099e+02 -9.854756749769891799e-01 6.226377324549663417e-01
1.408913649025069503e+02 -9.789289838540896627e-01 5.968494448801520136e-01
1.418941504178272908e+02 -9.711829655577630671e-01 5.712487930461819241e-01
1.428969359331476312e+02 -9.622471100616249995e-01 5.458671407611044302e-01
1.438997214484679716e+02 -9.521323650590131082e-01 5.207355836140390437e-01
1.449025069637883121e+02 -9.408511225505055142e-01 4.958849108672599426e-01
1.459052924791085957e+02 -9.284172036619597890e-01 4.713455677236532138e-01
1.469080779944289361e+02 -9.148458417116649422e-01 4.471476180193354466e-01
1.479108635097492765e+02 -9.001536635473669223e-01 4.233207073828894051e-01
1.489136490250696170e+02 -8.843586691760111362e-01 3.998940269087464250e-01
1.499164345403899574e+02 -8.674802097111785626e-01 3.768962773885516371e-01
1.509192200557102979e+02 -8.495389636652184162e-01 3.543556341431546852e-01
1.519220055710306383e+02 -8.305569116151322318e-01 3.322997125005191510e-01
1.529247910863509787e+02 -8.105573092732397678e-01 3.107555339581778431e-01
1.539275766016713192e+02 -7.895646589956286654e-01 2.897494930755977194e-01
1.549303621169916028e+02 -7.676046797632843921e-01 2.693073251341167595e-01
1.559331476323119432e+02 -7.447042756726760526e-01 2.494540746053119096e-01
1.569359331476322836e+02 -7.208915029744233927e-01 2.302140644656225366e-01
1.579387186629526241e+02 -6.961955357003951628e-01 2.116108663964284264e-01
1.589415041782729645e+02 -6.706466299213718063e-01 1.936672719023491696e-01
1.599442896935933049e+02 -6.442760866790615548e-01 1.764052643886581395e-01
1.609470752089136454e+02 -6.171162136378717245e-01 1.598459922257643440e-01
1.619498607242339858e+02 -5.892002855034255138e-01 1.440097428403174784e-01
1.629526462395543263e+02 -5.605625032563212873e-01 1.289159178575131626e-01
1.639554317548746099e+02 -5.312379522510680685e-01 1.145830093321499182e-01
1.649582172701949503e+02 -5.012625592315307355e-01 1.010285770918749881e-01
1.659610027855152907e+02 -4.706730483155744382e-01 8.826922722326012438e-02
1.669637883008356312e+02 -4.395068960027913030e-01 7.632059172685576320e-02
1.679665738161559716e+02 -4.078022852604596404e-01 6.519730936558514045e-02
1.689693593314763120e+02 -3.755980587439857743e-01 5.491300772853715401e-02
1.699721448467966525e+02 -3.429336712091263784e-01 4.548028653724932313e-02
1.709749303621169929e+02 -3.098491411743015678e-01 3.691070220679116415e-02
1.719777158774373333e+02 -2.763850018922253682e-01 2.921475368840785111e-02
1.729805013927576738e+02 -2.425822516909063586e-01 2.240186960628836460e-02
1.739832869080779574e+02 -2.084823037448666483e-01 1.648039670593821546e-02
1.749860724233982978e+02 -1.741269353381136309e-01 1.145758962916884095e-02
1.759888579387186383e+02 -1.395582366810358688e-01 7.339602024316331692e-03
1.769916434540389787e+02 -1.048185593439020097e-01 4.131479007583209635e-03
1.779944289693593191e+02 -6.995046437017343743e-02 1.837150982981878905e-03
1.789972144846796596e+02 -3.499667013317261238e-02 4.594288254423682183e-04
1.800000000000000000e+02 -2.449293598294706414e-16 4.388706287272726327e-10
