Alpha CL CD
-1.800000000000000000e+02 2.449293598294706414e-16 1.111210718995891900e-09
-1.789972144846796596e+02 3.499667013317261238e-02 6.125723834780531611e-04
-1.779944289693593191e+02 6.995046437017343743e-02 2.449535365328226084e-03
-1.769916434540390071e+02 1.048185593439011354e-01 5.508639521723916743e-03
-1.759888579387186667e+02 1.395582366810349806e-01 9.786137021746830339e-03
-1.749860724233983262e+02 1.741269353381127427e-01 1.527678733100723378e-02
-1.739832869080779858e+02 2.084823037448657601e-01 2.197386363094631229e-02
-1.729805013927576738e+02 2.425822516909063586e-01 2.986916106220389305e-02
-1.719777158774373333e+02 2.763850018922253682e-01 3.895300677555622870e-02
-1.709749303621169929e+02 3.098491411743015678e-01 4.921427178313582396e-02
-1.699721448467966525e+02 3.429336712091263784e-01 6.064038459312635215e-02
-1.689693593314763120e+02 3.755980587439857743e-01 7.321734661326829985e-02
-1.679665738161560000e+02 4.078022852604588633e-01 8.692974930059317595e-02
-1.669637883008356596e+02 4.395068960027904703e-01 1.017607930385823617e-01
-1.659610027855153191e+02 4.706730483155736611e-01 1.176923077226479930e-01
-1.649582172701949787e+02 5.012625592315299583e-01 1.347047750187616855e-01
-1.639554317548746667e+02 5.312379522510665142e-01 1.527773522789966643e-01
-1.629526462395543263e+02 5.605625032563212873e-01 1.718878980767132580e-01
-1.619498607242339858e+02 5.892002855034255138e-01 1.920129993351762099e-01
-1.609470752089136454e+02 6.171162136378717245e-01 2.131280000114509909e-01
-1.599442896935933049e+02 6.442760866790615548e-01 2.352070313074900720e-01
-1.589415041782729929e+02 6.706466299213712512e-01 2.582230433629394417e-01
-1.579387186629526525e+02 6.961955357003944966e-01 2.821478383980809412e-01
-1.569359331476323121e+02 7.208915029744228375e-01 3.069521052628165214e-01
-1.559331476323119716e+02 7.447042756726754975e-01 3.326054553488029808e-01
-1.549303621169916596e+02 7.676046797632832819e-01 3.590764598241571459e-01
-1.539275766016713192e+02 7.895646589956286654e-01 3.863326881419276160e-01
-1.529247910863509787e+02 8.105573092732397678e-01 4.143407477762207636e-01
-1.519220055710306383e+02 8.305569116151322318e-01 4.430663251376576461e-01
-1.509192200557102979e+02 8.495389636652184162e-01 4.724742276192999690e-01
-1.499164345403899574e+02 8.674802097111785626e-01 5.025284267190918142e-01
-1.489136490250696454e+02 8.843586691760108032e-01 5.331921021880252631e-01
-1.479108635097493050e+02 9.001536635473661452e-01 5.644276871485686131e-01
-1.469080779944289645e+02 9.148458417116646091e-01 5.961969141320793142e-01
-1.459052924791086525e+02 9.284172036619591228e-01 6.284608619725321477e-01
-1.449025069637883121e+02 9.408511225505055142e-01 6.611800035062060932e-01
-1.438997214484679716e+02 9.521323650590131082e-01 6.943142540136691965e-01
-1.428969359331476312e+02 9.622471100616249995e-01 7.278230203497639828e-01
-1.418941504178272908e+02 9.711829655577630671e-01 7.616652506970745806e-01
-1.408913649025069503e+02 9.789289838540896627e-01 7.957994848871207116e-01
-1.398885793871866383e+02 9.854756749769890689e-01 8.301839052234738503e-01
-1.388857938718662979e+02 9.908150182991337651e-01 8.647763877502352425e-01
-1.378830083565459574e+02 9.949404723658928917e-01 8.995345538982907341e-01
-1.368802228412256454e+02 9.978469829095448773e-01 9.344158224514177435e-01
-1.358774373259053050e+02 9.995309890414731946e-01 9.693774617672149541e-01
-1.348746518105849646e+02 9.999904276147617566e-01 1.004376642190067725e+00
-1.338718662952646241e+02 9.992247357518426742e-01 1.039370488593557296e+00
-1.328690807799442837e+02 9.972348515341015185e-01 1.074316132989994399e+00
-1.318662952646239432e+02 9.940232128525946509e-01 1.109170767142348746e+00
-1.308635097493036312e+02 9.895937544212854986e-01 1.143891695117578378e+00
-1.298607242339832908e+02 9.839519029564604002e-01 1.178436385718773849e+00
-1.288579387186629504e+02 9.771045705282310756e-01 1.212762524733376868e+00
-1.278551532033426241e+02 9.690601460922640964e-01 1.246828066937230028e+00
-1.268523676880222837e+02 9.598284852121188315e-01 1.280591287793103383e+00
-1.258495821727019575e+02 9.494208979847814645e-01 1.314010834783778447e+00
-1.248467966573816170e+02 9.378501351841862510e-01 1.347045778322568221e+00
-1.238440111420612766e+02 9.251303726397073213e-01 1.379655662180210962e+00
-1.228412256267409504e+02 9.112771938687510564e-01 1.411800553374183531e+00
-1.218384401114206241e+02 8.963075709847310168e-01 1.443441091465165416e+00
-1.208356545961002837e+02 8.802398439038175981e-01 1.474538537204840516e+00
-1.198328690807799433e+02 8.630936978759337075e-01 1.505054820485335565e+00
-1.188300835654596028e+02 8.448901393675228855e-01 1.534952587539198721e+00
-1.178272980501392766e+02 8.256514703256450094e-01 1.564195247341548134e+00
-1.168245125348189504e+02 8.054012608549169228e-01 1.592747017169516610e+00
-1.158217270194986099e+02 7.841643203407852036e-01 1.620572967274733989e+00
-1.148189415041782695e+02 7.619666670545032217e-01 1.647639064629124128e+00
-1.138161559888579433e+02 7.388354962770485868e-01 1.673912215705825490e+00
-1.128133704735376028e+02 7.147991469810366372e-01 1.699360308261431474e+00
-1.118105849582172766e+02 6.898870671114527564e-01 1.723952252087388670e+00
-1.108077994428969362e+02 6.641297775077308341e-01 1.747658018705461114e+00
-1.098050139275766099e+02 6.375588345113893940e-01 1.770448679982264739e+00
-1.088022284122562695e+02 6.102067913050222003e-01 1.792296445645630953e+00
-1.077994428969359433e+02 5.821071580300271053e-01 1.813174699688577141e+00
-1.067966573816156028e+02 5.532943607319140700e-01 1.833058035652545659e+00
-1.057938718662952624e+02 5.238036991835081091e-01 1.851922290786722769e+00
-1.047910863509749362e+02 4.936713036377100572e-01 1.869744579086838998e+00
-1.037883008356545957e+02 4.629340905627934988e-01 1.886503323222810558e+00
-1.027855153203342695e+02 4.316297174144985704e-01 1.902178285372051469e+00
-1.017827298050139291e+02 3.997965365002757454e-01 1.916750596981929622e+00
-1.007799442896936029e+02 3.674735479922667247e-01 1.930202787493759953e+00
-9.977715877437326242e+01 3.347003521465523601e-01 1.942518812068412704e+00
-9.877437325905292198e+01 3.015171007872049502e-01 1.953684078362672549e+00
-9.777158774373259575e+01 2.679644481145921908e-01 1.963685472415207744e+00
-9.676880222841225532e+01 2.340835008982100895e-01 1.972511383710780386e+00
-9.576601671309192909e+01 1.999157681150348087e-01 1.980151729501736124e+00
-9.476323119777158865e+01 1.655031100951425693e-01 1.986597978476312587e+00
-9.376044568245126243e+01 1.308876872368353594e-01 1.991843173874452200e+00
-9.275766016713092199e+01 9.611190835416788536e-02 1.995881956164029969e+00
-9.175487465181058155e+01 6.121837872012138304e-02 1.998710585399932071e+00
-9.075208913649025533e+01 2.624984786908692719e-02 2.000326963401834579e+00
-8.974930362116991489e+01 -8.750842777398135444e-03 2.000730655895484489e+00
-8.874651810584958866e+01 -4.374081239748165567e-02 1.999922914774709293e+00
-8.774373259052924823e+01 -7.867719330409400635e-02 1.997906700649354717e+00
-8.674094707520892200e+01 -1.135171834639742694e-01 1.994686705852865227e+00
-8.573816155988858156e+01 -1.482180989362487100e-01 1.990269378090521624e+00
-8.473537604456825534e+01 -1.827374261663248789e-01 1.984662944911474991e+00
-8.373259052924791490e+01 -2.170328740710598392e-01 1.977877439190057096e+00
-8.272980501392757446e+01 -2.510624258513698415e-01 1.969924725797082887e+00
-8.172701949860724824e+01 -2.847843904687903938e-01 1.960818529634457352e+00
-8.072423398328690780e+01 -3.181574537229834299e-01 1.950574465190333395e+00
-7.972144846796658157e+01 -3.511407288675399974e-01 1.939210067750396727e+00
-7.871866295264624114e+01 -3.836938067021420928e-01 1.926744826368033792e+00
-7.771587743732591491e+01 -4.157768050796908366e-01 1.913200218652392426e+00
-7.671309192200557447e+01 -4.473504177677682381e-01 1.898599747376474633e+00
-7.571030640668524825e+01 -4.783759626046049096e-01 1.882968978833105433e+00
-7.470752089136490781e+01 -5.088154288905768485e-01 1.866335582773398283e+00
-7.370473537604456737e+01 -5.386315239572319058e-01 1.848729373646395446e+00
-7.270194986072424115e+01 -5.677877188568748457e-01 1.830182352715219896e+00
-7.169916434540390071e+01 -5.962482931168127109e-01 1.810728750450592450e+00
-7.069637883008357448e+01 -6.239783785036354669e-01 1.790405068391315524e+00
-6.969359331476323405e+01 -6.509440017441163739e-01 1.769250119407401511e+00
-6.869080779944290782e+01 -6.771121261507455635e-01 1.747305064998651014e+00
-6.768802228412256738e+01 -7.024506921014022076e-01 1.724613447901922170e+00
-6.668523676880222695e+01 -7.269286563242994825e-01 1.701221217855411583e+00
-6.568245125348190072e+01 -7.505160299411161029e-01 1.677176747869608464e+00
-6.467966573816156028e+01 -7.731839152232871104e-01 1.652530837770415539e+00
-6.367688022284123406e+01 -7.949045410186280636e-01 1.627336701100299488e+00
-6.267409470752089362e+01 -8.156512968082040294e-01 1.601649930674442279e+00
-6.167130919220056740e+01 -8.353987653564399762e-01 1.575528437178332908e+00
-6.066852367688022696e+01 -8.541227539214403253e-01 1.549032354146519186e+00
-5.966573816155988652e+01 -8.718003239973184382e-01 1.522223901464648144e+00
-5.866295264623956029e+01 -8.884098195667302633e-01 1.495167198175326284e+00
-5.766016713091921986e+01 -9.039308938502497170e-01 1.467928013829519873e+00
-5.665738161559889363e+01 -9.183445345506389135e-01 1.440573445901442318e+00
-5.565459610027855319e+01 -9.316330876058204202e-01 1.413171508872522963e+00
-5.465181058495822697e+01 -9.437802794862972799e-01 1.385790618499777249e+00
-5.364902506963788653e+01 -9.547712381037151141e-01 1.358498952539931137e+00
-5.264623955431756031e+01 -9.645925124410311691e-01 1.331363666858383032e+00
-5.164345403899721987e+01 -9.732320910772920275e-01 1.304449943505477494e+00
-5.064066852367687943e+01 -9.806794198692484477e-01 1.277819845148380207e+00
-4.963788300835653899e+01 -9.869254191800538312e-01 1.251530948450321201e+00
-4.863509749303622698e+01 -9.919625012288149080e-01 1.225634727962517490e+00
-4.763231197771588654e+01 -9.957845883983146296e-01 1.200174662387293756e+00
-4.662952646239554610e+01 -9.983871337165398652e-01 1.175184037476320942e+00
-4.562674094707520567e+01 -9.997671452706727857e-01 1.150683425459948062e+00
-4.462395543175489365e+01 -9.999232170911291906e-01 1.126677831292041354e+00
-4.362116991643455322e+01 -9.988555701597235936e-01 1.103153513177340228e+00
-4.261838440111421278e+01 -9.965661087946036112e-01 1.080074511446809549e+00
-4.161559888579387234e+01 -9.930584999507163779e-01 1.057378959076462399e+00
-4.061281337047353190e+01 -9.883382862391612012e-01 1.034975302693997845e+00
-3.961002785515321989e+01 -9.824130481229660372e-01 1.012738638567154625e+00
-3.860724233983287945e+01 -9.752926373693783235e-01 9.905074668981994623e-01
-3.760445682451253901e+01 -9.669895132411688854e-01 9.680812907041986826e-01
-3.660167130919219858e+01 -9.575192262234278884e-01 9.452196291464005640e-01
-3.559888579387188656e+01 -9.469011128755057127e-01 9.216431681306465062e-01
-3.459610027855154613e+01 -9.351592918214339800e-01 8.970379101298150415e-01
-3.359331476323120569e+01 -9.223240878608460758e-01 8.710632710091679165e-01
-3.259052924791086525e+01 -9.084340625699816041e-01 8.433650457912038600e-01
-3.158774373259052481e+01 -8.935389005687440767e-01 8.135939527424992379e-01
-3.058495821727021280e+01 -8.777034969978451118e-01 7.814299858158469947e-01
-2.958217270194987236e+01 -8.610137205614901701e-01 7.466119996523016278e-01
-2.857938718662953193e+01 -8.435844939458431169e-01 7.089708203055005153e-01
-2.757660167130919149e+01 -8.255710413650078072e-01 6.684628295264345432e-01
-2.657381615598885105e+01 -8.071843904523533508e-01 6.251996684805025684e-01
-2.557103064066853904e+01 -7.887124407887979860e-01 5.794688457632481970e-01
-2.456824512534819860e+01 -7.705480141149815276e-01 5.317400693984877247e-01
-2.356545961002785816e+01 -7.532250319371589509e-01 4.826533997076106197e-01
-2.256267409470751772e+01 -7.374628051064170409e-01 4.329878747756000790e-01
-2.155988857938720571e+01 -7.242153671146133176e-01 3.836126768282248078e-01
-2.055710306406686527e+01 -7.147160924079279942e-01 3.354263547775439558e-01
-1.955431754874652484e+01 -7.104949176494911312e-01 2.892921028275173279e-01
-1.855153203342618440e+01 -7.133237137374877079e-01 2.459778498947004788e-01
-1.754874651810584396e+01 -7.250157939983974398e-01 2.061087245268068413e-01
-1.654596100278553195e+01 -7.469825249288872815e-01 1.701367486063564138e-01
-1.554317548746519151e+01 -7.794766652794808959e-01 1.383292426151350174e-01
-1.454038997214485107e+01 -8.206033438532465141e-01 1.107743296937278160e-01
-1.353760445682451063e+01 -8.654972432939471716e-01 8.739977582096261632e-02
-1.253481894150419862e+01 -9.063832701624672250e-01 6.800044800017270019e-02
-1.153203342618385818e+01 -9.340932123027811951e-01 5.226977896134835100e-02
-1.052924791086351775e+01 -9.406918901643783748e-01 3.983144311856003095e-02
-9.526462395543177308e+00 -9.218179812626103864e-01 3.026857868561475678e-02
-8.523676880222836871e+00 -8.773991639885683202e-01 2.314901765428767355e-02
-7.520891364902524856e+00 -8.106430306761978066e-01 1.804591750639812642e-02
-6.518105849582184419e+00 -7.262879459087279166e-01 1.455385216443498553e-02
-5.515320334261843982e+00 -6.291224451488248715e-01 1.230082254289741397e-02
-4.512534818941503545e+00 -5.231750825948542349e-01 1.095683945172379846e-02
-3.509749303621163108e+00 -4.114782709230884183e-01 1.023977635797073890e-02
-2.506963788300851093e+00 -2.961526237327645195e-01 9.919144155428771814e-03
-1.504178272980510656e+00 -1.786069074699105641e-01 9.818349151135769351e-03
-5.013927576601702185e-01 -5.974229193294136597e-02 9.815889319151459985e-03
5.013927576601702185e-01 5.974229193294136597e-02 9.815889319151459985e-03
1.504178272980482234e+00 1.786069074699071779e-01 9.818349151135769351e-03
2.506963788300822671e+00 2.961526237327612443e-01 9.919144155428768345e-03
3.509749303621163108e+00 4.114782709230884183e-01 1.023977635797073890e-02
4.512534818941503545e+00 5.231750825948542349e-01 1.095683945172379846e-02
5.515320334261843982e+00 6.291224451488248715e-01 1.230082254289741397e-02
6.518105849582155997e+00 7.262879459087252521e-01 1.455385216443490400e-02
7.520891364902496434e+00 8.106430306761955862e-01 1.804591750639800846e-02
8.523676880222836871e+00 8.773991639885683202e-01 2.314901765428767355e-02
9.526462395543177308e+00 9.218179812626103864e-01 3.026857868561475678e-02
1.052924791086348932e+01 9.406918901643782638e-01 3.983144311855972564e-02
1.153203342618382976e+01 9.340932123027817502e-01 5.226977896134794160e-02
1.253481894150417020e+01 9.063832701624681132e-01 6.800044800017220059e-02
1.353760445682451063e+01 8.654972432939471716e-01 8.739977582096261632e-02
1.454038997214485107e+01 8.206033438532465141e-01 1.107743296937278160e-01
1.554317548746516309e+01 7.794766652794820061e-01 1.383292426151341847e-01
1.654596100278550352e+01 7.469825249288879476e-01 1.701367486063554701e-01
1.754874651810584396e+01 7.250157939983974398e-01 2.061087245268068413e-01
1.855153203342618440e+01 7.133237137374877079e-01 2.459778498947004788e-01
1.955431754874649641e+01 7.104949176494912422e-01 2.892921028275160511e-01
2.055710306406683685e+01 7.147160924079276612e-01 3.354263547775426235e-01
2.155988857938717729e+01 7.242153671146129845e-01 3.836126768282233646e-01
2.256267409470751772e+01 7.374628051064170409e-01 4.329878747756000790e-01
2.356545961002785816e+01 7.532250319371589509e-01 4.826533997076106197e-01
2.456824512534817018e+01 7.705480141149814166e-01 5.317400693984862814e-01
2.557103064066851061e+01 7.887124407887978750e-01 5.794688457632468648e-01
2.657381615598885105e+01 8.071843904523533508e-01 6.251996684805025684e-01
2.757660167130919149e+01 8.255710413650078072e-01 6.684628295264345432e-01
2.857938718662950350e+01 8.435844939458425618e-01 7.089708203054996272e-01
2.958217270194984394e+01 8.610137205614896150e-01 7.466119996523005176e-01
3.058495821727018438e+01 8.777034969978445567e-01 7.814299858158459955e-01
3.158774373259052481e+01 8.935389005687440767e-01 8.135939527424992379e-01
3.259052924791086525e+01 9.084340625699816041e-01 8.433650457912038600e-01
3.359331476323117727e+01 9.223240878608456317e-01 8.710632710091670283e-01
3.459610027855151770e+01 9.351592918214336470e-01 8.970379101298144864e-01
3.559888579387185814e+01 9.469011128755053797e-01 9.216431681306460622e-01
3.660167130919219858e+01 9.575192262234278884e-01 9.452196291464005640e-01
3.760445682451253901e+01 9.669895132411688854e-01 9.680812907041986826e-01
3.860724233983285103e+01 9.752926373693779905e-01 9.905074668981987962e-01
3.961002785515319147e+01 9.824130481229658152e-01 1.012738638567153959e+00
4.061281337047353190e+01 9.883382862391612012e-01 1.034975302693997845e+00
4.161559888579387234e+01 9.930584999507163779e-01 1.057378959076462399e+00
4.261838440111418436e+01 9.965661087946035002e-01 1.080074511446808216e+00
4.362116991643452479e+01 9.988555701597234826e-01 1.103153513177338896e+00
4.462395543175486523e+01 9.999232170911291906e-01 1.126677831292040910e+00
4.562674094707520567e+01 9.997671452706727857e-01 1.150683425459948062e+00
4.662952646239554610e+01 9.983871337165398652e-01 1.175184037476320942e+00
4.763231197771585812e+01 9.957845883983146296e-01 1.200174662387292424e+00
4.863509749303619856e+01 9.919625012288150190e-01 1.225634727962516379e+00
4.963788300835653899e+01 9.869254191800538312e-01 1.251530948450321201e+00
5.064066852367687943e+01 9.806794198692484477e-01 1.277819845148380207e+00
5.164345403899719145e+01 9.732320910772922495e-01 1.304449943505479936e+00
5.264623955431753188e+01 9.645925124410315021e-01 1.331363666858381922e+00
5.364902506963787232e+01 9.547712381037153362e-01 1.358498952539930915e+00
5.465181058495821276e+01 9.437802794862973910e-01 1.385790618499777027e+00
5.565459610027855319e+01 9.316330876058204202e-01 1.413171508872522963e+00
5.665738161559886521e+01 9.183445345506392465e-01 1.440573445901441429e+00
5.766016713091920565e+01 9.039308938502499391e-01 1.467928013829524314e+00
5.866295264623954608e+01 8.884098195667303743e-01 1.495167198175325840e+00
5.966573816155988652e+01 8.718003239973184382e-01 1.522223901464648144e+00
6.066852367688022696e+01 8.541227539214403253e-01 1.549032354146519186e+00
6.167130919220053897e+01 8.353987653564405313e-01 1.575528437178331798e+00
6.267409470752087941e+01 8.156512968082042514e-01 1.601649930674441835e+00
6.367688022284121985e+01 7.949045410186283966e-01 1.627336701100299043e+00
6.467966573816156028e+01 7.731839152232871104e-01 1.652530837770415539e+00
6.568245125348187230e+01 7.505160299411167690e-01 1.677176747869607798e+00
6.668523676880221274e+01 7.269286563242998156e-01 1.701221217855411139e+00
6.768802228412255317e+01 7.024506921014025407e-01 1.724613447901922170e+00
6.869080779944289361e+01 6.771121261507462297e-01 1.747305064998650126e+00
6.969359331476323405e+01 6.509440017441163739e-01 1.769250119407401511e+00
7.069637883008354606e+01 6.239783785036361330e-01 1.790405068391315302e+00
7.169916434540388650e+01 5.962482931168133771e-01 1.810728750450591784e+00
7.270194986072422694e+01 5.677877188568751787e-01 1.830182352715219674e+00
7.370473537604456737e+01 5.386315239572319058e-01 1.848729373646395446e+00
7.470752089136487939e+01 5.088154288905779588e-01 1.866335582773397839e+00
7.571030640668521983e+01 4.783759626046056868e-01 1.882968978833104989e+00
7.671309192200556026e+01 4.473504177677686267e-01 1.898599747376474633e+00
7.771587743732590070e+01 4.157768050796912807e-01 1.913200218652392426e+00
7.871866295264624114e+01 3.836938067021420928e-01 1.926744826368033792e+00
7.972144846796658157e+01 3.511407288675399974e-01 1.939210067750396727e+00
8.072423398328692201e+01 3.181574537229829858e-01 1.950574465190333839e+00
8.172701949860720561e+01 2.847843904687916705e-01 1.960818529634456908e+00
8.272980501392754604e+01 2.510624258513706741e-01 1.969924725797082887e+00
8.373259052924788648e+01 2.170328740710606996e-01 1.977877439190056652e+00
8.473537604456822692e+01 1.827374261663257671e-01 1.984662944911474547e+00
8.573816155988856735e+01 1.482180989362491541e-01 1.990269378090521624e+00
8.674094707520890779e+01 1.135171834639747135e-01 1.994686705852865227e+00
8.774373259052924823e+01 7.867719330409400635e-02 1.997906700649354717e+00
8.874651810584958866e+01 4.374081239748165567e-02 1.999922914774709293e+00
8.974930362116992910e+01 8.750842777397691355e-03 2.000730655895484489e+00
9.075208913649021270e+01 -2.624984786908559492e-02 2.000326963401834579e+00
9.175487465181055313e+01 -6.121837872012050180e-02 1.998710585399932516e+00
9.275766016713089357e+01 -9.611190835416699718e-02 1.995881956164029969e+00
9.376044568245123401e+01 -1.308876872368344713e-01 1.991843173874452200e+00
9.476323119777157444e+01 -1.655031100951416811e-01 1.986597978476313031e+00
9.576601671309191488e+01 -1.999157681150343646e-01 1.980151729501736124e+00
9.676880222841225532e+01 -2.340835008982100895e-01 1.972511383710780386e+00
9.777158774373259575e+01 -2.679644481145921908e-01 1.963685472415207744e+00
9.877437325905293619e+01 -3.015171007872053388e-01 1.953684078362672549e+00
9.977715877437321979e+01 -3.347003521465510834e-01 1.942518812068413148e+00
1.007799442896935602e+02 -3.674735479922651149e-01 1.930202787493760397e+00
1.017827298050139007e+02 -3.997965365002749683e-01 1.916750596981930066e+00
1.027855153203342411e+02 -4.316297174144977933e-01 1.902178285372051914e+00
1.037883008356545815e+02 -4.629340905627931102e-01 1.886503323222811002e+00
1.047910863509749220e+02 -4.936713036377097241e-01 1.869744579086839442e+00
1.057938718662952624e+02 -5.238036991835081091e-01 1.851922290786722769e+00
1.067966573816156028e+02 -5.532943607319140700e-01 1.833058035652545659e+00
1.077994428969359433e+02 -5.821071580300271053e-01 1.813174699688577141e+00
1.088022284122562269e+02 -6.102067913050210901e-01 1.792296445645631842e+00
1.098050139275765673e+02 -6.375588345113883948e-01 1.770448679982265405e+00
1.108077994428969077e+02 -6.641297775077302790e-01 1.747658018705461558e+00
1.118105849582172482e+02 -6.898870671114518682e-01 1.723952252087390002e+00
1.128133704735375886e+02 -7.147991469810363041e-01 1.699360308261431918e+00
1.138161559888579291e+02 -7.388354962770482537e-01 1.673912215705825934e+00
1.148189415041782695e+02 -7.619666670545032217e-01 1.647639064629124128e+00
1.158217270194986099e+02 -7.841643203407852036e-01 1.620572967274733989e+00
1.168245125348189504e+02 -8.054012608549169228e-01 1.592747017169516610e+00
1.178272980501392908e+02 -8.256514703256450094e-01 1.564195247341548134e+00
1.188300835654595744e+02 -8.448901393675224414e-01 1.534952587539199387e+00
1.198328690807799148e+02 -8.630936978759332634e-01 1.505054820485336453e+00
1.208356545961002553e+02 -8.802398439038171540e-01 1.474538537204841182e+00
1.218384401114205957e+02 -8.963075709847306838e-01 1.443441091465166304e+00
1.228412256267409361e+02 -9.112771938687510564e-01 1.411800553374183531e+00
1.238440111420612766e+02 -9.251303726397073213e-01 1.379655662180210962e+00
1.248467966573816170e+02 -9.378501351841862510e-01 1.347045778322568221e+00
1.258495821727019575e+02 -9.494208979847814645e-01 1.314010834783778447e+00
1.268523676880222979e+02 -9.598284852121188315e-01 1.280591287793103383e+00
1.278551532033425815e+02 -9.690601460922636523e-01 1.246828066937231805e+00
1.288579387186629219e+02 -9.771045705282308536e-01 1.212762524733377534e+00
1.298607242339832624e+02 -9.839519029564602892e-01 1.178436385718774959e+00
1.308635097493036028e+02 -9.895937544212853876e-01 1.143891695117579044e+00
1.318662952646239432e+02 -9.940232128525946509e-01 1.109170767142348746e+00
1.328690807799442837e+02 -9.972348515341015185e-01 1.074316132989994399e+00
1.338718662952646241e+02 -9.992247357518426742e-01 1.039370488593557296e+00
1.348746518105849646e+02 -9.999904276147617566e-01 1.004376642190067725e+00
1.358774373259053050e+02 -9.995309890414731946e-01 9.693774617672149541e-01
1.368802228412255886e+02 -9.978469829095449883e-01 9.344158224514196309e-01
1.378830083565459290e+02 -9.949404723658930028e-01 8.995345538982917333e-01
1.388857938718662695e+02 -9.908150182991338761e-01 8.647763877502361307e-01
1.398885793871866099e+02 -9.854756749769891799e-01 8.301839052234747385e-01
1.408913649025069503e+02 -9.789289838540896627e-01 7.957994848871207116e-01
1.418941504178272908e+02 -9.711829655577630671e-01 7.616652506970745806e-01
1.428969359331476312e+02 -9.622471100616249995e-01 7.278230203497639828e-01
1.438997214484679716e+02 -9.521323650590131082e-01 6.943142540136691965e-01
1.449025069637883121e+02 -9.408511225505055142e-01 6.611800035062060932e-01
1.459052924791085957e+02 -9.284172036619597890e-01 6.284608619725339240e-01
1.469080779944289361e+02 -9.148458417116649422e-01 5.961969141320800913e-01
1.479108635097492765e+02 -9.001536635473669223e-01 5.644276871485702785e-01
1.489136490250696170e+02 -8.843586691760111362e-01 5.331921021880261513e-01
1.499164345403899574e+02 -8.674802097111785626e-01 5.025284267190918142e-01
1.509192200557102979e+02 -8.495389636652184162e-01 4.724742276192999690e-01
1.519220055710306383e+02 -8.305569116151322318e-01 4.430663251376576461e-01
1.529247910863509787e+02 -8.105573092732397678e-01 4.143407477762207636e-01
1.539275766016713192e+02 -7.895646589956286654e-01 3.863326881419276160e-01
1.549303621169916028e+02 -7.676046797632843921e-01 3.590764598241584782e-01
1.559331476323119432e+02 -7.447042756726760526e-01 3.326054553488035914e-01
1.569359331476322836e+02 -7.208915029744233927e-01 3.069521052628172431e-01
1.579387186629526241e+02 -6.961955357003951628e-01 2.821478383980814963e-01
1.589415041782729645e+02 -6.706466299213718063e-01 2.582230433629399968e-01
1.599442896935933049e+02 -6.442760866790615548e-01 2.352070313074900720e-01
1.609470752089136454e+02 -6.171162136378717245e-01 2.131280000114509909e-01
1.619498607242339858e+02 -5.892002855034255138e-01 1.920129993351762099e-01
1.629526462395543263e+02 -5.605625032563212873e-01 1.718878980767132580e-01
1.639554317548746099e+02 -5.312379522510680685e-01 1.527773522789976357e-01
1.649582172701949503e+02 -5.012625592315307355e-01 1.347047750187621296e-01
1.659610027855152907e+02 -4.706730483155744382e-01 1.176923077226484093e-01
1.669637883008356312e+02 -4.395068960027913030e-01 1.017607930385827364e-01
1.679665738161559716e+02 -4.078022852604596404e-01 8.692974930059355065e-02
1.689693593314763120e+02 -3.755980587439857743e-01 7.321734661326829985e-02
1.699721448467966525e+02 -3.429336712091263784e-01 6.064038459312635215e-02
1.709749303621169929e+02 -3.098491411743015678e-01 4.921427178313582396e-02
1.719777158774373333e+02 -2.763850018922253682e-01 3.895300677555622870e-02
1.729805013927576738e+02 -2.425822516909063586e-01 2.986916106220389305e-02
1.739832869080779574e+02 -2.084823037448666483e-01 2.197386363094649617e-02
1.749860724233982978e+02 -1.741269353381136309e-01 1.527678733100738991e-02
1.759888579387186383e+02 -1.395582366810358688e-01 9.786137021746955239e-03
1.769916434540389787e+02 -1.048185593439020097e-01 5.508639521724009551e-03
1.779944289693593191e+02 -6.995046437017343743e-02 2.449535365328226084e-03
1.789972144846796596e+02 -3.499667013317261238e-02 6.125723834780531611e-04
1.800000000000000000e+02 -2.449293598294706414e-16 1.111210718995891900e-09
