Alpha CL CD
-1.800000000000000000e+02 2.449293598294706414e-16 9.866060191043857230e-10
-1.789972144846796596e+02 3.499667013317261238e-02 6.125722374683942621e-04
-1.779944289693593191e+02 6.995046437017343743e-02 2.449535194289926675e-03
-1.769916434540390071e+02 1.048185593439011354e-01 5.508639321241187367e-03
-1.759888579387186667e+02 1.395582366810349806e-01 9.786136787013406668e-03
-1.749860724233983262e+02 1.741269353381127427e-01 1.527678705597125194e-02
-1.739832869080779858e+02 2.084823037448657601e-01 2.197386330915186703e-02
-1.729805013927576738e+02 2.425822516909063586e-01 2.986916068548480310e-02
-1.719777158774373333e+02 2.763850018922253682e-01 3.895300633450458211e-02
-1.709749303621169929e+02 3.098491411743015678e-01 4.921427126679894792e-02
-1.699721448467966525e+02 3.429336712091263784e-01 6.064038398917988987e-02
-1.689693593314763120e+02 3.755980587439857743e-01 7.321734590666696685e-02
-1.679665738161560000e+02 4.078022852604588633e-01 8.692974847371660874e-02
-1.669637883008356596e+02 4.395068960027904703e-01 1.017607920716429859e-01
-1.659610027855153191e+02 4.706730483155736611e-01 1.176923065916444522e-01
-1.649582172701949787e+02 5.012625592315299583e-01 1.347047736960278741e-01
-1.639554317548746667e+02 5.312379522510665142e-01 1.527773507322360003e-01
-1.629526462395543263e+02 5.605625032563212873e-01 1.718878962683329514e-01
-1.619498607242339858e+02 5.892002855034255138e-01 1.920129972207109681e-01
-1.609470752089136454e+02 6.171162136378717245e-01 2.131279975399322790e-01
-1.599442896935933049e+02 6.442760866790615548e-01 2.352070284187091909e-01
-1.589415041782729929e+02 6.706466299213712512e-01 2.582230399869381854e-01
-1.579387186629526525e+02 6.961955357003944966e-01 2.821478344532679094e-01
-1.569359331476323121e+02 7.208915029744228375e-01 3.069521006536419794e-01
-1.559331476323119716e+02 7.447042756726754975e-01 3.326054499641558637e-01
-1.549303621169916596e+02 7.676046797632832819e-01 3.590764535344341812e-01
-1.539275766016713192e+02 7.895646589956286654e-01 3.863326807957274678e-01
-1.529247910863509787e+02 8.105573092732397678e-01 4.143407391969571862e-01
-1.519220055710306383e+02 8.305569116151322318e-01 4.430663151197098970e-01
-1.509192200557102979e+02 8.495389636652184162e-01 4.724742159228678129e-01
-1.499164345403899574e+02 8.674802097111785626e-01 5.025284130645304437e-01
-1.489136490250696454e+02 8.843586691760108032e-01 5.331920862491107416e-01
-1.479108635097493050e+02 9.001536635473661452e-01 5.644276685457644271e-01
-1.469080779944289645e+02 9.148458417116646091e-01 5.961968924225319322e-01
-1.459052924791086525e+02 9.284172036619591228e-01 6.284608366405476376e-01
-1.449025069637883121e+02 9.408511225505055142e-01 6.611799739506809548e-01
-1.438997214484679716e+02 9.521323650590131082e-01 6.943142195347420387e-01
-1.428969359331476312e+02 9.622471100616249995e-01 7.278229801318374381e-01
-1.418941504178272908e+02 9.711829655577630671e-01 7.616652037906650463e-01
-1.408913649025069503e+02 9.789289838540896627e-01 7.957994301861305297e-01
-1.398885793871866383e+02 9.854756749769890689e-01 8.301838414405532385e-01
-1.388857938718662979e+02 9.908150182991337651e-01 8.647763133861424700e-01
-1.378830083565459574e+02 9.949404723658928917e-01 8.995344672079877979e-01
-1.368802228412256454e+02 9.978469829095448773e-01 9.344157214037882575e-01
-1.358774373259053050e+02 9.995309890414731946e-01 9.693773439982933393e-01
-1.348746518105849646e+02 9.999904276147617566e-01 1.004376504948990556e+00
-1.338718662952646241e+02 9.992247357518426742e-01 1.039370328679690259e+00
-1.328690807799442837e+02 9.972348515341015185e-01 1.074315946679566869e+00
-1.318662952646239432e+02 9.940232128525946509e-01 1.109170550103663277e+00
-1.308635097493036312e+02 9.895937544212854986e-01 1.143891442312282125e+00
-1.298607242339832908e+02 9.839519029564604002e-01 1.178436091287311971e+00
-1.288579387186629504e+02 9.771045705282310756e-01 1.212762181861802402e+00
-1.278551532033426241e+02 9.690601460922640964e-01 1.246827667702735010e+00
-1.268523676880222837e+02 9.598284852121188315e-01 1.280590822984587263e+00
-1.258495821727019575e+02 9.494208979847814645e-01 1.314010293694001241e+00
-1.248467966573816170e+02 9.378501351841862510e-01 1.347045148505848999e+00
-1.238440111420612766e+02 9.251303726397073213e-01 1.379654929172270394e+00
-1.228412256267409504e+02 9.112771938687510564e-01 1.411799700366839661e+00
-1.218384401114206241e+02 8.963075709847310168e-01 1.443440098928346238e+00
-1.208356545961002837e+02 8.802398439038175981e-01 1.474537382448710687e+00
-1.198328690807799433e+02 8.630936978759337075e-01 1.505053477152213270e+00
-1.188300835654596028e+02 8.448901393675228855e-01 1.534951025013911119e+00
-1.178272980501392766e+02 8.256514703256450094e-01 1.564193430068083757e+00
-1.168245125348189504e+02 8.054012608549169228e-01 1.592744903858305694e+00
-1.158217270194986099e+02 7.841643203407852036e-01 1.620570509983866758e+00
-1.148189415041782695e+02 7.619666670545032217e-01 1.647636207699117117e+00
-1.138161559888579433e+02 7.388354962770485868e-01 1.673908894524953617e+00
-1.128133704735376028e+02 7.147991469810366372e-01 1.699356447834557970e+00
-1.118105849582172766e+02 6.898870671114527564e-01 1.723947765378154973e+00
-1.108077994428969362e+02 6.641297775077308341e-01 1.747652804714947994e+00
-1.098050139275766099e+02 6.375588345113893940e-01 1.770442621523528048e+00
-1.088022284122562695e+02 6.102067913050222003e-01 1.792289406766012227e+00
-1.077994428969359433e+02 5.821071580300271053e-01 1.813166522684322990e+00
-1.067966573816156028e+02 5.532943607319140700e-01 1.833048537612035123e+00
-1.057938718662952624e+02 5.238036991835081091e-01 1.851911259588440384e+00
-1.047910863509749362e+02 4.936713036377100572e-01 1.869731768766797808e+00
-1.037883008356545957e+02 4.629340905627939429e-01 1.886488448613095725e+00
-1.027855153203342695e+02 4.316297174144990145e-01 1.902161015896612462e+00
-1.017827298050139291e+02 3.997965365002761895e-01 1.916730549478745882e+00
-1.007799442896936029e+02 3.674735479922676129e-01 1.930179517911944531e+00
-9.977715877437326242e+01 3.347003521465536924e-01 1.942491805865617316e+00
-9.877437325905292198e+01 3.015171007872067266e-01 1.953652739401780192e+00
-9.777158774373259575e+01 2.679644481145947998e-01 1.963649110128274478e+00
-9.676880222841225532e+01 2.340835008982135312e-01 1.972469198262940981e+00
-9.576601671309192909e+01 1.999157681150403321e-01 1.980102794646936948e+00
-9.476323119777158865e+01 1.655031100951505629e-01 1.986541221750560471e+00
-9.376044568245126243e+01 1.308876872368470168e-01 1.991777353718471533e+00
-9.275766016713092199e+01 9.611190835418519096e-02 1.995805635505160547e+00
-9.175487465181058155e+01 6.121837872014705001e-02 1.998622101153520569e+00
-9.075208913649025533e+01 2.624984786912481355e-02 2.000224391270379876e+00
-8.974930362116991489e+01 -8.750842777342336329e-03 2.000611769752054236e+00
-8.874651810584958866e+01 -4.374081239739889548e-02 1.999785139809894030e+00
-8.774373259052924823e+01 -7.867719330397204835e-02 1.997747059339839648e+00
-8.674094707520892200e+01 -1.135171834637943855e-01 1.994501755670647913e+00
-8.573816155988858156e+01 -1.482180989359829504e-01 1.990055139711683685e+00
-8.473537604456825534e+01 -1.827374261659323873e-01 1.984414819502263061e+00
-8.373259052924791490e+01 -2.170328740704808579e-01 1.977590113139253480e+00
-8.272980501392757446e+01 -2.510624258505153028e-01 1.969592061026536056e+00
-8.172701949860724824e+01 -2.847843904675299020e-01 1.960433437348034325e+00
-8.072423398328690780e+01 -3.181574537211239728e-01 1.950128760612786616e+00
-7.972144846796658157e+01 -3.511407288647973024e-01 1.938694303054598223e+00
-7.871866295264624114e+01 -3.836938066980974393e-01 1.926148098587425972e+00
-7.771587743732591491e+01 -4.157768050737269960e-01 1.912509948918234448e+00
-7.671309192200557447e+01 -4.473504177589764375e-01 1.897801427298449362e+00
-7.571030640668524825e+01 -4.783759625916459424e-01 1.882045879249773623e+00
-7.470752089136490781e+01 -5.088154288714790141e-01 1.865268419425843094e+00
-7.370473537604456737e+01 -5.386315239290926371e-01 1.847495923563673870e+00
-7.270194986072424115e+01 -5.677877188154207833e-01 1.828757014232407663e+00
-7.169916434540390071e+01 -5.962482930557554406e-01 1.809082038796219871e+00
-7.069637883008357448e+01 -6.239783784137225009e-01 1.788503037666716811e+00
-6.969359331476323405e+01 -6.509440016117372663e-01 1.767053700520769377e+00
-6.869080779944290782e+01 -6.771121259558836591e-01 1.744769307695234195e+00
-6.768802228412256738e+01 -7.024506918146272705e-01 1.721686653432615843e+00
-6.668523676880222695e+01 -7.269286559023493410e-01 1.697843947033815137e+00
-6.568245125348190072e+01 -7.505160293204150568e-01 1.673280687268758671e+00
-6.467966573816156028e+01 -7.731839143104306533e-01 1.648037504597662739e+00
-6.367688022284123406e+01 -7.949045396764252702e-01 1.622155964862379118e+00
-6.267409470752089362e+01 -8.156512948352081516e-01 1.595678327121582196e+00
-6.167130919220056740e+01 -8.353987624569408910e-01 1.568647247236336195e+00
-6.066852367688022696e+01 -8.541227496614863801e-01 1.541105417687515411e+00
-5.966573816155988652e+01 -8.718003177402892101e-01 1.513095132966574941e+00
-5.866295264623956029e+01 -8.884098103789885847e-01 1.484657768797835065e+00
-5.766016713091921986e+01 -9.039308803630299316e-01 1.455833162536119385e+00
-5.665738161559889363e+01 -9.183445147579535339e-01 1.426658881509998533e+00
-5.565459610027855319e+01 -9.316330585688741284e-01 1.397169366100505350e+00
-5.465181058495822697e+01 -9.437802369013473802e-01 1.367394935323015925e+00
-5.364902506963788653e+01 -9.547711756705864472e-01 1.337360645128633063e+00
-5.264623955431756031e+01 -9.645924209407783501e-01 1.307084994265289124e+00
-5.164345403899721987e+01 -9.732319570257274011e-01 1.276578480278414363e+00
-5.064066852367687943e+01 -9.806792235523451584e-01 1.245842020301592967e+00
-4.963788300835653899e+01 -9.869251317890558317e-01 1.214865269192425101e+00
-4.863509749303622698e+01 -9.919620806849277495e-01 1.183624893057604099e+00
-4.763231197771588654e+01 -9.957839732713156256e-01 1.152082891132612419e+00
-4.662952646239554610e+01 -9.983862343728734379e-01 1.120185104955961464e+00
-4.562674094707520567e+01 -9.997658309976183988e-01 1.087860111591005374e+00
-4.462395543175489365e+01 -9.999212973812673377e-01 1.055018766251384799e+00
-4.362116991643455322e+01 -9.988527675277827367e-01 1.021554734712232682e+00
-4.261838440111421278e+01 -9.965620193273193594e-01 9.873464276949568408e-01
-4.161559888579387234e+01 -9.930525361027601194e-01 9.522608008949704494e-01
-4.061281337047353190e+01 -9.883295939605123426e-01 9.161594891979145672e-01
-3.961002785515321989e+01 -9.824003869160791158e-01 8.789076665299129232e-01
-3.860724233983287945e+01 -9.752742068743478487e-01 8.403858231947842761e-01
-3.760445682451253901e+01 -9.669627027908156425e-01 8.005042949793722551e-01
-3.660167130919219858e+01 -9.574802535900279743e-01 7.592198502050441222e-01
-3.559888579387188656e+01 -9.468445038710571193e-01 7.165529766829304981e-01
-3.459610027855154613e+01 -9.350771317315832443e-01 6.726038143636644540e-01
-3.359331476323120569e+01 -9.222049464178119216e-01 6.275641325401105641e-01
-3.259052924791086525e+01 -9.082614529116578295e-01 5.817225849365097456e-01
-3.158774373259052481e+01 -8.932890748067687792e-01 5.354609051030408962e-01
-3.058495821727021280e+01 -8.773423005680165421e-01 4.892398197779750380e-01
-2.958217270194987236e+01 -8.604921167224709455e-01 4.435751355176717481e-01
-2.857938718662953193e+01 -8.428322193379788052e-01 3.990063307623908928e-01
-2.757660167130919149e+01 -8.244876535507652537e-01 3.560615476171752336e-01
-2.657381615598885105e+01 -8.056267112382371476e-01 3.152236461198483219e-01
-2.557103064066853904e+01 -7.864770866652492920e-01 2.769017150950597861e-01
-2.456824512534819860e+01 -7.673473642170214326e-01 2.414112263053069252e-01
-2.356545961002785816e+01 -7.486546989350126857e-01 2.089642652654089550e-01
-2.256267409470751772e+01 -7.309586502874195757e-01 1.796694870677818523e-01
-2.155988857938720571e+01 -7.149987756093226787e-01 1.535400642089790324e-01
-2.055710306406686527e+01 -7.017284453442986791e-01 1.305071419044739334e-01
-1.955431754874652484e+01 -6.923274257004441434e-01 1.104361930975990558e-01
-1.855153203342618440e+01 -6.881591025712741061e-01 9.314400971607712798e-02
-1.754874651810584396e+01 -6.906156454112799548e-01 7.841465908352647507e-02
-1.654596100278553195e+01 -7.007769873748668221e-01 6.601337788918641702e-02
-1.554317548746519151e+01 -7.188303380948443122e-01 5.569793852496435910e-02
-1.454038997214485107e+01 -7.433133649083312200e-01 4.722744157955714728e-02
-1.353760445682451063e+01 -7.704876388626262784e-01 4.036875524006673654e-02
-1.253481894150419862e+01 -7.943918971881431812e-01 3.490096001646406793e-02
-1.153203342618385818e+01 -8.080110707941128290e-01 3.061820040469349566e-02
-1.052924791086351775e+01 -8.052909879930088000e-01 2.733132827792342928e-02
-9.526462395543177308e+00 -7.829274244937874938e-01 2.486867385562891233e-02
-8.523676880222836871e+00 -7.409049708610270235e-01 2.307621876351021936e-02
-7.520891364902524856e+00 -6.817156013361225231e-01 2.181738425889871713e-02
-6.518105849582184419e+00 -6.090145428482708345e-01 2.097259276530405447e-02
-5.515320334261843982e+00 -5.264860686454209127e-01 2.043871518232157763e-02
-4.512534818941503545e+00 -4.372250936585419523e-01 2.012848041055783840e-02
-3.509749303621163108e+00 -3.435588352451599548e-01 1.996989630117178630e-02
-2.506963788300851093e+00 -2.471134521787866634e-01 1.990571141696391780e-02
-1.504178272980510656e+00 -1.489685300018200598e-01 1.989293307734685268e-02
-5.013927576601702185e-01 -4.981428706534693496e-02 1.990240776639471895e-02
5.013927576601702185e-01 4.981428706534693496e-02 1.990240776639471895e-02
1.504178272980482234e+00 1.489685300018172287e-01 1.989293307734685268e-02
2.506963788300822671e+00 2.471134521787839433e-01 1.990571141696392127e-02
3.509749303621163108e+00 3.435588352451599548e-01 1.996989630117178630e-02
4.512534818941503545e+00 4.372250936585419523e-01 2.012848041055783840e-02
5.515320334261843982e+00 5.264860686454209127e-01 2.043871518232157763e-02
6.518105849582155997e+00 6.090145428482685031e-01 2.097259276530403366e-02
7.520891364902496434e+00 6.817156013361205247e-01 2.181738425889868938e-02
8.523676880222836871e+00 7.409049708610270235e-01 2.307621876351021936e-02
9.526462395543177308e+00 7.829274244937874938e-01 2.486867385562891233e-02
1.052924791086348932e+01 8.052909879930085779e-01 2.733132827792335295e-02
1.153203342618382976e+01 8.080110707941131620e-01 3.061820040469338464e-02
1.253481894150417020e+01 7.943918971881436253e-01 3.490096001646392915e-02
1.353760445682451063e+01 7.704876388626262784e-01 4.036875524006673654e-02
1.454038997214485107e+01 7.433133649083312200e-01 4.722744157955714728e-02
1.554317548746516309e+01 7.188303380948448673e-01 5.569793852496408848e-02
1.654596100278550352e+01 7.007769873748672662e-01 6.601337788918609784e-02
1.754874651810584396e+01 6.906156454112799548e-01 7.841465908352647507e-02
1.855153203342618440e+01 6.881591025712741061e-01 9.314400971607712798e-02
1.955431754874649641e+01 6.923274257004441434e-01 1.104361930975985145e-01
2.055710306406683685e+01 7.017284453442982350e-01 1.305071419044733227e-01
2.155988857938717729e+01 7.149987756093222346e-01 1.535400642089783663e-01
2.256267409470751772e+01 7.309586502874195757e-01 1.796694870677818523e-01
2.356545961002785816e+01 7.486546989350126857e-01 2.089642652654089550e-01
2.456824512534817018e+01 7.673473642170210995e-01 2.414112263053060092e-01
2.557103064066851061e+01 7.864770866652490700e-01 2.769017150950586759e-01
2.657381615598885105e+01 8.056267112382371476e-01 3.152236461198483219e-01
2.757660167130919149e+01 8.244876535507652537e-01 3.560615476171752336e-01
2.857938718662950350e+01 8.428322193379782501e-01 3.990063307623896716e-01
2.958217270194984394e+01 8.604921167224703904e-01 4.435751355176704158e-01
3.058495821727018438e+01 8.773423005680159870e-01 4.892398197779735947e-01
3.158774373259052481e+01 8.932890748067687792e-01 5.354609051030408962e-01
3.259052924791086525e+01 9.082614529116578295e-01 5.817225849365097456e-01
3.359331476323117727e+01 9.222049464178114775e-01 6.275641325401092319e-01
3.459610027855151770e+01 9.350771317315829112e-01 6.726038143636633437e-01
3.559888579387185814e+01 9.468445038710567863e-01 7.165529766829293878e-01
3.660167130919219858e+01 9.574802535900279743e-01 7.592198502050441222e-01
3.760445682451253901e+01 9.669627027908156425e-01 8.005042949793722551e-01
3.860724233983285103e+01 9.752742068743476267e-01 8.403858231947833879e-01
3.961002785515319147e+01 9.824003869160788938e-01 8.789076665299120350e-01
4.061281337047353190e+01 9.883295939605123426e-01 9.161594891979145672e-01
4.161559888579387234e+01 9.930525361027601194e-01 9.522608008949704494e-01
4.261838440111418436e+01 9.965620193273192484e-01 9.873464276949559526e-01
4.362116991643452479e+01 9.988527675277826257e-01 1.021554734712231793e+00
4.462395543175486523e+01 9.999212973812673377e-01 1.055018766251384132e+00
4.562674094707520567e+01 9.997658309976183988e-01 1.087860111591005374e+00
4.662952646239554610e+01 9.983862343728734379e-01 1.120185104955961464e+00
4.763231197771585812e+01 9.957839732713156256e-01 1.152082891132611309e+00
4.863509749303619856e+01 9.919620806849278605e-01 1.183624893057603433e+00
4.963788300835653899e+01 9.869251317890558317e-01 1.214865269192425101e+00
5.064066852367687943e+01 9.806792235523451584e-01 1.245842020301592967e+00
5.164345403899719145e+01 9.732319570257276231e-01 1.276578480278414141e+00
5.264623955431753188e+01 9.645924209407786831e-01 1.307084994265287792e+00
5.364902506963787232e+01 9.547711756705866692e-01 1.337360645128632841e+00
5.465181058495821276e+01 9.437802369013474912e-01 1.367394935323015481e+00
5.565459610027855319e+01 9.316330585688741284e-01 1.397169366100505350e+00
5.665738161559886521e+01 9.183445147579538670e-01 1.426658881509997645e+00
5.766016713091920565e+01 9.039308803630301536e-01 1.455833162536118941e+00
5.866295264623954608e+01 8.884098103789886958e-01 1.484657768797834620e+00
5.966573816155988652e+01 8.718003177402892101e-01 1.513095132966574941e+00
6.066852367688022696e+01 8.541227496614863801e-01 1.541105417687515411e+00
6.167130919220053897e+01 8.353987624569414461e-01 1.568647247236335307e+00
6.267409470752087941e+01 8.156512948352083736e-01 1.595678327121581752e+00
6.367688022284121985e+01 7.949045396764256033e-01 1.622155964862378674e+00
6.467966573816156028e+01 7.731839143104306533e-01 1.648037504597662739e+00
6.568245125348187230e+01 7.505160293204157229e-01 1.673280687268758005e+00
6.668523676880221274e+01 7.269286559023496741e-01 1.697843947033814693e+00
6.768802228412255317e+01 7.024506918146276035e-01 1.721686653432615843e+00
6.869080779944289361e+01 6.771121259558843253e-01 1.744769307695233307e+00
6.969359331476323405e+01 6.509440016117372663e-01 1.767053700520769377e+00
7.069637883008354606e+01 6.239783784137231670e-01 1.788503037666716589e+00
7.169916434540388650e+01 5.962482930557561067e-01 1.809082038796219205e+00
7.270194986072422694e+01 5.677877188154211163e-01 1.828757014232407441e+00
7.370473537604456737e+01 5.386315239290926371e-01 1.847495923563673870e+00
7.470752089136487939e+01 5.088154288714801243e-01 1.865268419425842650e+00
7.571030640668521983e+01 4.783759625916467195e-01 1.882045879249773179e+00
7.671309192200556026e+01 4.473504177589768260e-01 1.897801427298449362e+00
7.771587743732590070e+01 4.157768050737274401e-01 1.912509948918234448e+00
7.871866295264624114e+01 3.836938066980974393e-01 1.926148098587425972e+00
7.972144846796658157e+01 3.511407288647973024e-01 1.938694303054598223e+00
8.072423398328692201e+01 3.181574537211235287e-01 1.950128760612787060e+00
8.172701949860720561e+01 2.847843904675311788e-01 1.960433437348033880e+00
8.272980501392754604e+01 2.510624258505161355e-01 1.969592061026536056e+00
8.373259052924788648e+01 2.170328740704817183e-01 1.977590113139253036e+00
8.473537604456822692e+01 1.827374261659332755e-01 1.984414819502262617e+00
8.573816155988856735e+01 1.482180989359833945e-01 1.990055139711683685e+00
8.674094707520890779e+01 1.135171834637948296e-01 1.994501755670653687e+00
8.774373259052924823e+01 7.867719330397204835e-02 1.997747059339839648e+00
8.874651810584958866e+01 4.374081239739889548e-02 1.999785139809894030e+00
8.974930362116992910e+01 8.750842777341892240e-03 2.000611769752054236e+00
9.075208913649021270e+01 -2.624984786912348128e-02 2.000224391270379876e+00
9.175487465181055313e+01 -6.121837872014616877e-02 1.998622101153521013e+00
9.275766016713089357e+01 -9.611190835418430278e-02 1.995805635505160547e+00
9.376044568245123401e+01 -1.308876872368461286e-01 1.991777353718471533e+00
9.476323119777157444e+01 -1.655031100951496748e-01 1.986541221750560915e+00
9.576601671309191488e+01 -1.999157681150398880e-01 1.980102794646936948e+00
9.676880222841225532e+01 -2.340835008982135312e-01 1.972469198262940981e+00
9.777158774373259575e+01 -2.679644481145947998e-01 1.963649110128274478e+00
9.877437325905293619e+01 -3.015171007872071152e-01 1.953652739401780192e+00
9.977715877437321979e+01 -3.347003521465524156e-01 1.942491805865617760e+00
1.007799442896935602e+02 -3.674735479922660031e-01 1.930179517911944975e+00
1.017827298050139007e+02 -3.997965365002754123e-01 1.916730549478746326e+00
1.027855153203342411e+02 -4.316297174144982374e-01 1.902161015896612906e+00
1.037883008356545815e+02 -4.629340905627935543e-01 1.886488448613096169e+00
1.047910863509749220e+02 -4.936713036377097241e-01 1.869731768766798252e+00
1.057938718662952624e+02 -5.238036991835081091e-01 1.851911259588440384e+00
1.067966573816156028e+02 -5.532943607319140700e-01 1.833048537612035123e+00
1.077994428969359433e+02 -5.821071580300271053e-01 1.813166522684322990e+00
1.088022284122562269e+02 -6.102067913050210901e-01 1.792289406766013116e+00
1.098050139275765673e+02 -6.375588345113883948e-01 1.770442621523528715e+00
1.108077994428969077e+02 -6.641297775077302790e-01 1.747652804714948438e+00
1.118105849582172482e+02 -6.898870671114518682e-01 1.723947765378156305e+00
1.128133704735375886e+02 -7.147991469810363041e-01 1.699356447834558415e+00
1.138161559888579291e+02 -7.388354962770482537e-01 1.673908894524954061e+00
1.148189415041782695e+02 -7.619666670545032217e-01 1.647636207699117117e+00
1.158217270194986099e+02 -7.841643203407852036e-01 1.620570509983866758e+00
1.168245125348189504e+02 -8.054012608549169228e-01 1.592744903858305694e+00
1.178272980501392908e+02 -8.256514703256450094e-01 1.564193430068083757e+00
1.188300835654595744e+02 -8.448901393675224414e-01 1.534951025013911785e+00
1.198328690807799148e+02 -8.630936978759332634e-01 1.505053477152214159e+00
1.208356545961002553e+02 -8.802398439038171540e-01 1.474537382448711353e+00
1.218384401114205957e+02 -8.963075709847306838e-01 1.443440098928347126e+00
1.228412256267409361e+02 -9.112771938687510564e-01 1.411799700366839661e+00
1.238440111420612766e+02 -9.251303726397073213e-01 1.379654929172270394e+00
1.248467966573816170e+02 -9.378501351841862510e-01 1.347045148505848999e+00
1.258495821727019575e+02 -9.494208979847814645e-01 1.314010293694001241e+00
1.268523676880222979e+02 -9.598284852121188315e-01 1.280590822984587263e+00
1.278551532033425815e+02 -9.690601460922636523e-01 1.246827667702736786e+00
1.288579387186629219e+02 -9.771045705282308536e-01 1.212762181861803068e+00
1.298607242339832624e+02 -9.839519029564602892e-01 1.178436091287313081e+00
1.308635097493036028e+02 -9.895937544212853876e-01 1.143891442312282791e+00
1.318662952646239432e+02 -9.940232128525946509e-01 1.109170550103663277e+00
1.328690807799442837e+02 -9.972348515341015185e-01 1.074315946679566869e+00
1.338718662952646241e+02 -9.992247357518426742e-01 1.039370328679690259e+00
1.348746518105849646e+02 -9.999904276147617566e-01 1.004376504948990556e+00
1.358774373259053050e+02 -9.995309890414731946e-01 9.693773439982933393e-01
1.368802228412255886e+02 -9.978469829095449883e-01 9.344157214037901449e-01
1.378830083565459290e+02 -9.949404723658930028e-01 8.995344672079887971e-01
1.388857938718662695e+02 -9.908150182991338761e-01 8.647763133861433582e-01
1.398885793871866099e+02 -9.854756749769891799e-01 8.301838414405541267e-01
1.408913649025069503e+02 -9.789289838540896627e-01 7.957994301861305297e-01
1.418941504178272908e+02 -9.711829655577630671e-01 7.616652037906650463e-01
1.428969359331476312e+02 -9.622471100616249995e-01 7.278229801318374381e-01
1.438997214484679716e+02 -9.521323650590131082e-01 6.943142195347420387e-01
1.449025069637883121e+02 -9.408511225505055142e-01 6.611799739506809548e-01
1.459052924791085957e+02 -9.284172036619597890e-01 6.284608366405494140e-01
1.469080779944289361e+02 -9.148458417116649422e-01 5.961968924225327093e-01
1.479108635097492765e+02 -9.001536635473669223e-01 5.644276685457660925e-01
1.489136490250696170e+02 -8.843586691760111362e-01 5.331920862491116297e-01
1.499164345403899574e+02 -8.674802097111785626e-01 5.025284130645304437e-01
1.509192200557102979e+02 -8.495389636652184162e-01 4.724742159228678129e-01
1.519220055710306383e+02 -8.305569116151322318e-01 4.430663151197098970e-01
1.529247910863509787e+02 -8.105573092732397678e-01 4.143407391969571862e-01
1.539275766016713192e+02 -7.895646589956286654e-01 3.863326807957274678e-01
1.549303621169916028e+02 -7.676046797632843921e-01 3.590764535344355135e-01
1.559331476323119432e+02 -7.447042756726760526e-01 3.326054499641564743e-01
1.569359331476322836e+02 -7.208915029744233927e-01 3.069521006536427010e-01
1.579387186629526241e+02 -6.961955357003951628e-01 2.821478344532684646e-01
1.589415041782729645e+02 -6.706466299213718063e-01 2.582230399869387405e-01
1.599442896935933049e+02 -6.442760866790615548e-01 2.352070284187091909e-01
1.609470752089136454e+02 -6.171162136378717245e-01 2.131279975399322790e-01
1.619498607242339858e+02 -5.892002855034255138e-01 1.920129972207109681e-01
1.629526462395543263e+02 -5.605625032563212873e-01 1.718878962683329514e-01
1.639554317548746099e+02 -5.312379522510680685e-01 1.527773507322369717e-01
1.649582172701949503e+02 -5.012625592315307355e-01 1.347047736960283182e-01
1.659610027855152907e+02 -4.706730483155744382e-01 1.176923065916448685e-01
1.669637883008356312e+02 -4.395068960027913030e-01 1.017607920716433606e-01
1.679665738161559716e+02 -4.078022852604596404e-01 8.692974847371698344e-02
1.689693593314763120e+02 -3.755980587439857743e-01 7.321734590666696685e-02
1.699721448467966525e+02 -3.429336712091263784e-01 6.064038398917988987e-02
1.709749303621169929e+02 -3.098491411743015678e-01 4.921427126679894792e-02
1.719777158774373333e+02 -2.763850018922253682e-01 3.895300633450458211e-02
1.729805013927576738e+02 -2.425822516909063586e-01 2.986916068548480310e-02
1.739832869080779574e+02 -2.084823037448666483e-01 2.197386330915205091e-02
1.749860724233982978e+02 -1.741269353381136309e-01 1.527678705597140807e-02
1.759888579387186383e+02 -1.395582366810358688e-01 9.786136787013531568e-03
1.769916434540389787e+02 -1.048185593439020097e-01 5.508639321241280175e-03
1.779944289693593191e+02 -6.995046437017343743e-02 2.449535194289926675e-03
1.789972144846796596e+02 -3.499667013317261238e-02 6.125722374683942621e-04
1.800000000000000000e+02 -2.449293598294706414e-16 9.866060191043857230e-10
