Alpha CL CD
-1.800000000000000000e+02 2.449293598294706414e-16 1.190279953544592933e-09
-1.789972144846796596e+02 3.499667013317261238e-02 6.125724737335719317e-04
-1.779944289693593191e+02 6.995046437017343743e-02 2.449535472569829703e-03
-1.769916434540390071e+02 1.048185593439011354e-01 5.508639646643330098e-03
-1.759888579387186667e+02 1.395582366810349806e-01 9.786137165528029092e-03
-1.749860724233983262e+02 1.741269353381127427e-01 1.527678749942048414e-02
-1.739832869080779858e+02 2.084823037448657601e-01 2.197386382946989528e-02
-1.729805013927576738e+02 2.425822516909063586e-01 2.986916129562907848e-02
-1.719777158774373333e+02 2.763850018922253682e-01 3.895300704848243117e-02
-1.709749303621169929e+02 3.098491411743015678e-01 4.921427210250581274e-02
-1.699721448467966525e+02 3.429336712091263784e-01 6.064038496721373128e-02
-1.689693593314763120e+02 3.755980587439857743e-01 7.321734704880018818e-02
-1.679665738161560000e+02 4.078022852604588633e-01 8.692974981107438881e-02
-1.669637883008356596e+02 4.395068960027904703e-01 1.017607936357192017e-01
-1.659610027855153191e+02 4.706730483155736611e-01 1.176923084202633196e-01
-1.649582172701949787e+02 5.012625592315299583e-01 1.347047758351510027e-01
-1.639554317548746667e+02 5.312379522510665142e-01 1.527773532330289619e-01
-1.629526462395543263e+02 5.605625032563212873e-01 1.718878991929803923e-01
-1.619498607242339858e+02 5.892002855034255138e-01 1.920130006381402799e-01
-1.609470752089136454e+02 6.171162136378717245e-01 2.131280015353333168e-01
-1.599442896935933049e+02 6.442760866790615548e-01 2.352070330883931359e-01
-1.589415041782729929e+02 6.706466299213712512e-01 2.582230454430978761e-01
-1.579387186629526525e+02 6.961955357003944966e-01 2.821478408287070860e-01
-1.569359331476323121e+02 7.208915029744228375e-01 3.069521081012659414e-01
-1.559331476323119716e+02 7.447042756726754975e-01 3.326054586632856691e-01
-1.549303621169916596e+02 7.676046797632832819e-01 3.590764636959108413e-01
-1.539275766016713192e+02 7.895646589956286654e-01 3.863326926610772816e-01
-1.529247910863509787e+02 8.105573092732397678e-01 4.143407530533640415e-01
-1.519220055710306383e+02 8.305569116151322318e-01 4.430663312960447797e-01
-1.509192200557102979e+02 8.495389636652184162e-01 4.724742348062251907e-01
-1.499164345403899574e+02 8.674802097111785626e-01 5.025284351047337728e-01
-1.489136490250696454e+02 8.843586691760108032e-01 5.331921119720884894e-01
-1.479108635097493050e+02 9.001536635473661452e-01 5.644276985613653208e-01
-1.469080779944289645e+02 9.148458417116646091e-01 5.961969274434190114e-01
-1.459052924791086525e+02 9.284172036619591228e-01 6.284608774952009647e-01
-1.449025069637883121e+02 9.408511225505055142e-01 6.611800216047650780e-01
-1.438997214484679716e+02 9.521323650590131082e-01 6.943142751137049151e-01
-1.428969359331476312e+02 9.622471100616249995e-01 7.278230449423929160e-01
-1.418941504178272908e+02 9.711829655577630671e-01 7.616652793581933922e-01
-1.408913649025069503e+02 9.789289838540896627e-01 7.957995182835982950e-01
-1.398885793871866383e+02 9.854756749769890689e-01 8.301839441318243917e-01
-1.388857938718662979e+02 9.908150182991337651e-01 8.647764330724491133e-01
-1.378830083565459574e+02 9.949404723658928917e-01 8.995346066832489162e-01
-1.368802228412256454e+02 9.978469829095448773e-01 9.344158839169254271e-01
-1.358774373259053050e+02 9.995309890414731946e-01 9.693775333298815244e-01
-1.348746518105849646e+02 9.999904276147617566e-01 1.004376725494588785e+00
-1.338718662952646241e+02 9.992247357518426742e-01 1.039370585549280523e+00
-1.328690807799442837e+02 9.972348515341015185e-01 1.074316245816049342e+00
-1.318662952646239432e+02 9.940232128525946509e-01 1.109170898412478623e+00
-1.308635097493036312e+02 9.895937544212854986e-01 1.143891847821853602e+00
-1.298607242339832908e+02 9.839519029564604002e-01 1.178436563324159803e+00
-1.288579387186629504e+02 9.771045705282310756e-01 1.212762731265745852e+00
-1.278551532033426241e+02 9.690601460922640964e-01 1.246828307063812424e+00
-1.268523676880222837e+02 9.598284852121188315e-01 1.280591566928908964e+00
-1.258495821727019575e+02 9.494208979847814645e-01 1.314011159207227886e+00
-1.248467966573816170e+02 9.378501351841862510e-01 1.347046155311961257e+00
-1.238440111420612766e+02 9.251303726397073213e-01 1.379656100172645727e+00
-1.228412256267409504e+02 9.112771938687510564e-01 1.411801062145670027e+00
-1.218384401114206241e+02 8.963075709847310168e-01 1.443441682343249211e+00
-1.208356545961002837e+02 8.802398439038175981e-01 1.474539223309315084e+00
-1.198328690807799433e+02 8.630936978759337075e-01 1.505055617011417324e+00
-1.188300835654596028e+02 8.448901393675228855e-01 1.534953512079190174e+00
-1.178272980501392766e+02 8.256514703256450094e-01 1.564196320261109996e+00
-1.168245125348189504e+02 8.054012608549169228e-01 1.592748262037234408e+00
-1.158217270194986099e+02 7.841643203407852036e-01 1.620574411361126232e+00
-1.148189415041782695e+02 7.619666670545032217e-01 1.647640739481039507e+00
-1.138161559888579433e+02 7.388354962770485868e-01 1.673914157807214087e+00
-1.128133704735376028e+02 7.147991469810366372e-01 1.699362559796093519e+00
-1.118105849582172766e+02 6.898870671114527564e-01 1.723954861820666817e+00
-1.108077994428969362e+02 6.641297775077308341e-01 1.747661042994195890e+00
-1.098050139275766099e+02 6.375588345113893940e-01 1.770452183942110791e+00
-1.088022284122562695e+02 6.102067913050222003e-01 1.792300504495163427e+00
-1.077994428969359433e+02 5.821071580300271053e-01 1.813179400293428944e+00
-1.067966573816156028e+02 5.532943607319140700e-01 1.833063478303981864e+00
-1.057938718662952624e+02 5.238036991835081091e-01 1.851928591247796296e+00
-1.047910863509749362e+02 4.936713036377100572e-01 1.869751870945020711e+00
-1.037883008356545957e+02 4.629340905627963854e-01 1.886511760593742926e+00
-1.027855153203342695e+02 4.316297174145014015e-01 1.902188046006380029e+00
-1.017827298050139291e+02 3.997965365002785765e-01 1.916761885837046542e+00
-1.007799442896936029e+02 3.674735479922722758e-01 1.930215840832421259e+00
-9.977715877437326242e+01 3.347003521465605758e-01 1.942533902166085458e+00
-9.877437325905292198e+01 3.015171007872134989e-01 1.953701518909592316e+00
-9.777158774373259575e+01 2.679644481146059576e-01 1.963705624713157460e+00
-9.676880222841225532e+01 2.340835008982289356e-01 1.972534663781759789e+00
-9.576601671309192909e+01 1.999157681150642296e-01 1.980178616235552802e+00
-9.476323119777158865e+01 1.655031100951848133e-01 1.986629022967914660e+00
-9.376044568245126243e+01 1.308876872368976707e-01 1.991879010122822313e+00
-9.275766016713092199e+01 9.611190835426011714e-02 1.995923313322065296e+00
-9.175487465181058155e+01 6.121837872025779476e-02 1.998758301797205483e+00
-9.075208913649025533e+01 2.624984786928648631e-02 2.000382002591818420e+00
-8.974930362116991489e+01 -8.750842777105419940e-03 2.000794125009126123e+00
-8.874651810584958866e+01 -4.374081239704790541e-02 1.999996085506255739e+00
-8.774373259052924823e+01 -7.867719330345651629e-02 1.997991033239890246e+00
-8.674094707520892200e+01 -1.135171834630378518e-01 1.994783876490306973e+00
-8.573816155988858156e+01 -1.482180989348679256e-01 1.990381310198229725e+00
-8.473537604456825534e+01 -1.827374261642939757e-01 1.984791844862969334e+00
-8.373259052924791490e+01 -2.170328740680739776e-01 1.978025837058827729e+00
-8.272980501392757446e+01 -2.510624258469795755e-01 1.970095521831043639e+00
-8.172701949860724824e+01 -2.847843904623385547e-01 1.961015047236361442e+00
-8.072423398328690780e+01 -3.181574537135015701e-01 1.950800511290453398e+00
-7.972144846796658157e+01 -3.511407288536100846e-01 1.939470001571631741e+00
-7.871866295264624114e+01 -3.836938066816798498e-01 1.927043637719552560e+00
-7.771587743732591491e+01 -4.157768050496404300e-01 1.913543617034163313e+00
-7.671309192200557447e+01 -4.473504177236506396e-01 1.898994263348241285e+00
-7.571030640668524825e+01 -4.783759625398448234e-01 1.883422079291054319e+00
-7.470752089136490781e+01 -5.088154287955385380e-01 1.866855801996128772e+00
-7.370473537604456737e+01 -5.386315238177983300e-01 1.849326462218232159e+00
-7.270194986072424115e+01 -5.677877186523520026e-01 1.830867446715163327e+00
-7.169916434540390071e+01 -5.962482928168914009e-01 1.811514563615300721e+00
-7.069637883008357448e+01 -6.239783780639285293e-01 1.791306110327305579e+00
-6.969359331476323405e+01 -6.509440010996377923e-01 1.770282943348477245e+00
-6.869080779944290782e+01 -6.771121252063758700e-01 1.748488549088579980e+00
-6.768802228412256738e+01 -7.024506907179572934e-01 1.725969114542742266e+00
-6.668523676880222695e+01 -7.269286542981673316e-01 1.702773596314066884e+00
-6.568245125348190072e+01 -7.505160269745354551e-01 1.678953786094159017e+00
-6.467966573816156028e+01 -7.731839108809284156e-01 1.654564370259010042e+00
-6.367688022284123406e+01 -7.949045346642334975e-01 1.629662980713794340e+00
-6.267409470752089362e+01 -8.156512875121282313e-01 1.604310233525741980e+00
-6.167130919220056740e+01 -8.353987517607969204e-01 1.578569751202051785e+00
-6.066852367688022696e+01 -8.541227340434728310e-01 1.552508163706794786e+00
-5.966573816155988652e+01 -8.718002949427935411e-01 1.526195082449914420e+00
-5.866295264623956029e+01 -8.884097771123555809e-01 1.499703040528016507e+00
-5.766016713091921986e+01 -9.039308318354913885e-01 1.473107391441933034e+00
-5.665738161559889363e+01 -9.183444439922922031e-01 1.446486157364896386e+00
-5.565459610027855319e+01 -9.316329554094784360e-01 1.419919816787919009e+00
-5.465181058495822697e+01 -9.437800865720223920e-01 1.393491020032797012e+00
-5.364902506963788653e+01 -9.547709566807756065e-01 1.367284219715172000e+00
-5.264623955431756031e+01 -9.645921020472467688e-01 1.341385201772955948e+00
-5.164345403899721987e+01 -9.732314928256902142e-01 1.315880501187291163e+00
-5.064066852367687943e+01 -9.806785480948195799e-01 1.290856685045029373e+00
-4.963788300835653899e+01 -9.869241493179988778e-01 1.266399484190680935e+00
-4.863509749303622698e+01 -9.919606522337388599e-01 1.242592753456957189e+00
-4.763231197771588654e+01 -9.957818972603460494e-01 1.219517239456231250e+00
-4.662952646239554610e+01 -9.983832185437601092e-01 1.197249134288671302e+00
-4.562674094707520567e+01 -9.997614518414904561e-01 1.175858393454050965e+00
-4.462395543175489365e+01 -9.999149415262565954e-01 1.155406796973727168e+00
-4.362116991643455322e+01 -9.988435471219632156e-01 1.135945734535348750e+00
-4.261838440111421278e+01 -9.965486499682942867e-01 1.117513698756597229e+00
-4.161559888579387234e+01 -9.930331608717734015e-01 1.100133475928775084e+00
-4.061281337047353190e+01 -9.883015299734830839e-01 1.083809031496977715e+00
-3.961002785515321989e+01 -9.823597605932071763e-01 1.068522098888289307e+00
-3.860724233983287945e+01 -9.752154295622019742e-01 1.054228496163406747e+00
-3.760445682451253901e+01 -9.668777176240652693e-01 1.040854216644444996e+00
-3.660167130919219858e+01 -9.573574549942904799e-01 1.028291368755590351e+00
-3.559888579387188656e+01 -9.466671893039094732e-01 1.016394078687963498e+00
-3.459610027855154613e+01 -9.348212861606650659e-01 1.004974519294045798e+00
-3.359331476323120569e+01 -9.218360767868464256e-01 9.937992920639691086e-01
-3.259052924791086525e+01 -9.077300731077959650e-01 9.825864681716156568e-01
-3.158774373259052481e+01 -8.925242789091248907e-01 9.710036906839761839e-01
-3.058495821727021280e+01 -8.762426371110751955e-01 9.586678526879222062e-01
-2.958217270194987236e+01 -8.589126689544098747e-01 9.451469917165550294e-01
-2.857938718662953193e+01 -8.405663824035990439e-01 9.299651705289480041e-01
-2.757660167130919149e+01 -8.212415561401663622e-01 9.126112308331938427e-01
-2.657381615598885105e+01 -8.009835442086220558e-01 8.925523809760369520e-01
-2.557103064066853904e+01 -7.798477967708565828e-01 8.692535666472871458e-01
-2.456824512534819860e+01 -7.579033559302205125e-01 8.422034134402113237e-01
-2.356545961002785816e+01 -7.352376613637937597e-01 8.109471440566129452e-01
-2.256267409470751772e+01 -7.119630821145959132e-01 7.751261771633918274e-01
-2.155988857938720571e+01 -6.882256595079893069e-01 7.345230413129720803e-01
-2.055710306406686527e+01 -6.642165572109214322e-01 6.891087721197266536e-01
-1.955431754874652484e+01 -6.401865726307532922e-01 6.390881984566011420e-01
-1.855153203342618440e+01 -6.164635785323829831e-01 5.849367244806793487e-01
-1.754874651810584396e+01 -5.934715767447057422e-01 5.274208404850035947e-01
-1.654596100278553195e+01 -5.717475343253115572e-01 4.675942781997575182e-01
-1.554317548746519151e+01 -5.519473808951275151e-01 4.067631249812070915e-01
-1.454038997214485107e+01 -5.348243543202300110e-01 3.464167519001936091e-01
-1.353760445682451063e+01 -5.211509821161377509e-01 2.881269618421508083e-01
-1.253481894150419862e+01 -5.115437870832489908e-01 2.334244066604608259e-01
-1.153203342618385818e+01 -5.061503116759957788e-01 1.836674062718620382e-01
-1.052924791086351775e+01 -5.041997977157783861e-01 1.399218976192737329e-01
-9.526462395543177308e+00 -5.035359213684744706e-01 1.028708871551414494e-01
-8.523676880222836871e+00 -5.004261651349259932e-01 7.276718859917163940e-02
-7.520891364902524856e+00 -4.900219104145544513e-01 4.943553375758188290e-02
-6.518105849582184419e+00 -4.675751508748710039e-01 3.232151216918449643e-02
-5.515320334261843982e+00 -4.299181984935414036e-01 2.057755589496951601e-02
-4.512534818941503545e+00 -3.763449679779079515e-01 1.317196218155254270e-02
-3.509749303621163108e+00 -3.084201882477685119e-01 9.006194803352528949e-03
-2.506963788300851093e+00 -2.290251759258331576e-01 7.027807118226263479e-03
-1.504178272980510656e+00 -1.413162475147995423e-01 6.330071966009923577e-03
-5.013927576601702185e-01 -4.804398637354885537e-02 6.233523563500369125e-03
5.013927576601702185e-01 4.804398637354885537e-02 6.233523563500369125e-03
1.504178272980482234e+00 1.413162475147969332e-01 6.330071966009915771e-03
2.506963788300822671e+00 2.290251759258307707e-01 7.027807118226229652e-03
3.509749303621163108e+00 3.084201882477685119e-01 9.006194803352528949e-03
4.512534818941503545e+00 3.763449679779079515e-01 1.317196218155254270e-02
5.515320334261843982e+00 4.299181984935414036e-01 2.057755589496951601e-02
6.518105849582155997e+00 4.675751508748701157e-01 3.232151216918408704e-02
7.520891364902496434e+00 4.900219104145538962e-01 4.943553375758131391e-02
8.523676880222836871e+00 5.004261651349259932e-01 7.276718859917163940e-02
9.526462395543177308e+00 5.035359213684744706e-01 1.028708871551414494e-01
1.052924791086348932e+01 5.041997977157783861e-01 1.399218976192725672e-01
1.153203342618382976e+01 5.061503116759956677e-01 1.836674062718607059e-01
1.253481894150417020e+01 5.115437870832488798e-01 2.334244066604593548e-01
1.353760445682451063e+01 5.211509821161377509e-01 2.881269618421508083e-01
1.454038997214485107e+01 5.348243543202300110e-01 3.464167519001936091e-01
1.554317548746516309e+01 5.519473808951269600e-01 4.067631249812053706e-01
1.654596100278550352e+01 5.717475343253110021e-01 4.675942781997557973e-01
1.754874651810584396e+01 5.934715767447057422e-01 5.274208404850035947e-01
1.855153203342618440e+01 6.164635785323829831e-01 5.849367244806793487e-01
1.955431754874649641e+01 6.401865726307525151e-01 6.390881984565996987e-01
2.055710306406683685e+01 6.642165572109208771e-01 6.891087721197253213e-01
2.155988857938717729e+01 6.882256595079885297e-01 7.345230413129708591e-01
2.256267409470751772e+01 7.119630821145959132e-01 7.751261771633918274e-01
2.356545961002785816e+01 7.352376613637937597e-01 8.109471440566129452e-01
2.456824512534817018e+01 7.579033559302198464e-01 8.422034134402099914e-01
2.557103064066851061e+01 7.798477967708559166e-01 8.692535666472862577e-01
2.657381615598885105e+01 8.009835442086220558e-01 8.925523809760369520e-01
2.757660167130919149e+01 8.212415561401663622e-01 9.126112308331938427e-01
2.857938718662950350e+01 8.405663824035984888e-01 9.299651705289475601e-01
2.958217270194984394e+01 8.589126689544093196e-01 9.451469917165549184e-01
3.058495821727018438e+01 8.762426371110746404e-01 9.586678526879224282e-01
3.158774373259052481e+01 8.925242789091248907e-01 9.710036906839761839e-01
3.259052924791086525e+01 9.077300731077959650e-01 9.825864681716156568e-01
3.359331476323117727e+01 9.218360767868459815e-01 9.937992920639668881e-01
3.459610027855151770e+01 9.348212861606647328e-01 1.004974519294043800e+00
3.559888579387185814e+01 9.466671893039091401e-01 1.016394078687966829e+00
3.660167130919219858e+01 9.573574549942904799e-01 1.028291368755590351e+00
3.760445682451253901e+01 9.668777176240652693e-01 1.040854216644444996e+00
3.860724233983285103e+01 9.752154295622017521e-01 1.054228496163405193e+00
3.961002785515319147e+01 9.823597605932069543e-01 1.068522098888287530e+00
4.061281337047353190e+01 9.883015299734830839e-01 1.083809031496977715e+00
4.161559888579387234e+01 9.930331608717734015e-01 1.100133475928775084e+00
4.261838440111418436e+01 9.965486499682941757e-01 1.117513698756595675e+00
4.362116991643452479e+01 9.988435471219631046e-01 1.135945734535347196e+00
4.462395543175486523e+01 9.999149415262565954e-01 1.155406796973725836e+00
4.562674094707520567e+01 9.997614518414904561e-01 1.175858393454050965e+00
4.662952646239554610e+01 9.983832185437601092e-01 1.197249134288671302e+00
4.763231197771585812e+01 9.957818972603460494e-01 1.219517239456229918e+00
4.863509749303619856e+01 9.919606522337389709e-01 1.242592753456956078e+00
4.963788300835653899e+01 9.869241493179988778e-01 1.266399484190680935e+00
5.064066852367687943e+01 9.806785480948195799e-01 1.290856685045029373e+00
5.164345403899719145e+01 9.732314928256904363e-01 1.315880501187290497e+00
5.264623955431753188e+01 9.645921020472471019e-01 1.341385201772954616e+00
5.364902506963787232e+01 9.547709566807758286e-01 1.367284219715171778e+00
5.465181058495821276e+01 9.437800865720225030e-01 1.393491020032796790e+00
5.565459610027855319e+01 9.316329554094784360e-01 1.419919816787919009e+00
5.665738161559886521e+01 9.183444439922925362e-01 1.446486157364895275e+00
5.766016713091920565e+01 9.039308318354916105e-01 1.473107391441932590e+00
5.866295264623954608e+01 8.884097771123556919e-01 1.499703040528016063e+00
5.966573816155988652e+01 8.718002949427935411e-01 1.526195082449914420e+00
6.066852367688022696e+01 8.541227340434728310e-01 1.552508163706794786e+00
6.167130919220053897e+01 8.353987517607974755e-01 1.578569751202050897e+00
6.267409470752087941e+01 8.156512875121284534e-01 1.604310233525741536e+00
6.367688022284121985e+01 7.949045346642338306e-01 1.629662980713793896e+00
6.467966573816156028e+01 7.731839108809284156e-01 1.654564370259010042e+00
6.568245125348187230e+01 7.505160269745361212e-01 1.678953786094158351e+00
6.668523676880221274e+01 7.269286542981676646e-01 1.702773596314066440e+00
6.768802228412255317e+01 7.024506907179576265e-01 1.725969114542742266e+00
6.869080779944289361e+01 6.771121252063765361e-01 1.748488549088579092e+00
6.969359331476323405e+01 6.509440010996377923e-01 1.770282943348477245e+00
7.069637883008354606e+01 6.239783780639291955e-01 1.791306110327305356e+00
7.169916434540388650e+01 5.962482928168920671e-01 1.811514563615300055e+00
7.270194986072422694e+01 5.677877186523523356e-01 1.830867446715163105e+00
7.370473537604456737e+01 5.386315238177983300e-01 1.849326462218232159e+00
7.470752089136487939e+01 5.088154287955396482e-01 1.866855801996128328e+00
7.571030640668521983e+01 4.783759625398456006e-01 1.883422079291053874e+00
7.671309192200556026e+01 4.473504177236510282e-01 1.898994263348241285e+00
7.771587743732590070e+01 4.157768050496408740e-01 1.913543617034163313e+00
7.871866295264624114e+01 3.836938066816798498e-01 1.927043637719552560e+00
7.972144846796658157e+01 3.511407288536100846e-01 1.939470001571631741e+00
8.072423398328692201e+01 3.181574537135011260e-01 1.950800511290453843e+00
8.172701949860720561e+01 2.847843904623398315e-01 1.961015047236360997e+00
8.272980501392754604e+01 2.510624258469804082e-01 1.970095521831043639e+00
8.373259052924788648e+01 2.170328740680748381e-01 1.978025837058827285e+00
8.473537604456822692e+01 1.827374261642948639e-01 1.984791844862968890e+00
8.573816155988856735e+01 1.482180989348683697e-01 1.990381310198229725e+00
8.674094707520890779e+01 1.135171834630382959e-01 1.994783876490306973e+00
8.774373259052924823e+01 7.867719330345651629e-02 1.997991033239890246e+00
8.874651810584958866e+01 4.374081239704790541e-02 1.999996085506255739e+00
8.974930362116992910e+01 8.750842777104975850e-03 2.000794125009126123e+00
9.075208913649021270e+01 -2.624984786928515404e-02 2.000382002591818420e+00
9.175487465181055313e+01 -6.121837872025691352e-02 1.998758301797205927e+00
9.275766016713089357e+01 -9.611190835425922896e-02 1.995923313322065296e+00
9.376044568245123401e+01 -1.308876872368967825e-01 1.991879010122822313e+00
9.476323119777157444e+01 -1.655031100951839251e-01 1.986629022967915104e+00
9.576601671309191488e+01 -1.999157681150637855e-01 1.980178616235552802e+00
9.676880222841225532e+01 -2.340835008982289356e-01 1.972534663781759789e+00
9.777158774373259575e+01 -2.679644481146059576e-01 1.963705624713157460e+00
9.877437325905293619e+01 -3.015171007872138875e-01 1.953701518909592316e+00
9.977715877437321979e+01 -3.347003521465592990e-01 1.942533902166085902e+00
1.007799442896935602e+02 -3.674735479922706660e-01 1.930215840832421703e+00
1.017827298050139007e+02 -3.997965365002777993e-01 1.916761885837046986e+00
1.027855153203342411e+02 -4.316297174145006244e-01 1.902188046006380473e+00
1.037883008356545815e+02 -4.629340905627959968e-01 1.886511760593743370e+00
1.047910863509749220e+02 -4.936713036377097241e-01 1.869751870945021155e+00
1.057938718662952624e+02 -5.238036991835081091e-01 1.851928591247796296e+00
1.067966573816156028e+02 -5.532943607319140700e-01 1.833063478303981864e+00
1.077994428969359433e+02 -5.821071580300271053e-01 1.813179400293428944e+00
1.088022284122562269e+02 -6.102067913050210901e-01 1.792300504495164315e+00
1.098050139275765673e+02 -6.375588345113883948e-01 1.770452183942111457e+00
1.108077994428969077e+02 -6.641297775077302790e-01 1.747661042994196334e+00
1.118105849582172482e+02 -6.898870671114518682e-01 1.723954861820668150e+00
1.128133704735375886e+02 -7.147991469810363041e-01 1.699362559796093963e+00
1.138161559888579291e+02 -7.388354962770482537e-01 1.673914157807214531e+00
1.148189415041782695e+02 -7.619666670545032217e-01 1.647640739481039507e+00
1.158217270194986099e+02 -7.841643203407852036e-01 1.620574411361126232e+00
1.168245125348189504e+02 -8.054012608549169228e-01 1.592748262037234408e+00
1.178272980501392908e+02 -8.256514703256450094e-01 1.564196320261109996e+00
1.188300835654595744e+02 -8.448901393675224414e-01 1.534953512079190840e+00
1.198328690807799148e+02 -8.630936978759332634e-01 1.505055617011418212e+00
1.208356545961002553e+02 -8.802398439038171540e-01 1.474539223309315750e+00
1.218384401114205957e+02 -8.963075709847306838e-01 1.443441682343250099e+00
1.228412256267409361e+02 -9.112771938687510564e-01 1.411801062145670027e+00
1.238440111420612766e+02 -9.251303726397073213e-01 1.379656100172645727e+00
1.248467966573816170e+02 -9.378501351841862510e-01 1.347046155311961257e+00
1.258495821727019575e+02 -9.494208979847814645e-01 1.314011159207227886e+00
1.268523676880222979e+02 -9.598284852121188315e-01 1.280591566928908964e+00
1.278551532033425815e+02 -9.690601460922636523e-01 1.246828307063814201e+00
1.288579387186629219e+02 -9.771045705282308536e-01 1.212762731265746519e+00
1.298607242339832624e+02 -9.839519029564602892e-01 1.178436563324160913e+00
1.308635097493036028e+02 -9.895937544212853876e-01 1.143891847821854268e+00
1.318662952646239432e+02 -9.940232128525946509e-01 1.109170898412478623e+00
1.328690807799442837e+02 -9.972348515341015185e-01 1.074316245816049342e+00
1.338718662952646241e+02 -9.992247357518426742e-01 1.039370585549280523e+00
1.348746518105849646e+02 -9.999904276147617566e-01 1.004376725494588785e+00
1.358774373259053050e+02 -9.995309890414731946e-01 9.693775333298815244e-01
1.368802228412255886e+02 -9.978469829095449883e-01 9.344158839169273145e-01
1.378830083565459290e+02 -9.949404723658930028e-01 8.995346066832499154e-01
1.388857938718662695e+02 -9.908150182991338761e-01 8.647764330724500015e-01
1.398885793871866099e+02 -9.854756749769891799e-01 8.301839441318252799e-01
1.408913649025069503e+02 -9.789289838540896627e-01 7.957995182835982950e-01
1.418941504178272908e+02 -9.711829655577630671e-01 7.616652793581933922e-01
1.428969359331476312e+02 -9.622471100616249995e-01 7.278230449423929160e-01
1.438997214484679716e+02 -9.521323650590131082e-01 6.943142751137049151e-01
1.449025069637883121e+02 -9.408511225505055142e-01 6.611800216047650780e-01
1.459052924791085957e+02 -9.284172036619597890e-01 6.284608774952027410e-01
1.469080779944289361e+02 -9.148458417116649422e-01 5.961969274434197885e-01
1.479108635097492765e+02 -9.001536635473669223e-01 5.644276985613669861e-01
1.489136490250696170e+02 -8.843586691760111362e-01 5.331921119720893776e-01
1.499164345403899574e+02 -8.674802097111785626e-01 5.025284351047337728e-01
1.509192200557102979e+02 -8.495389636652184162e-01 4.724742348062251907e-01
1.519220055710306383e+02 -8.305569116151322318e-01 4.430663312960447797e-01
1.529247910863509787e+02 -8.105573092732397678e-01 4.143407530533640415e-01
1.539275766016713192e+02 -7.895646589956286654e-01 3.863326926610772816e-01
1.549303621169916028e+02 -7.676046797632843921e-01 3.590764636959121736e-01
1.559331476323119432e+02 -7.447042756726760526e-01 3.326054586632862797e-01
1.569359331476322836e+02 -7.208915029744233927e-01 3.069521081012666630e-01
1.579387186629526241e+02 -6.961955357003951628e-01 2.821478408287076411e-01
1.589415041782729645e+02 -6.706466299213718063e-01 2.582230454430984312e-01
1.599442896935933049e+02 -6.442760866790615548e-01 2.352070330883931359e-01
1.609470752089136454e+02 -6.171162136378717245e-01 2.131280015353333168e-01
1.619498607242339858e+02 -5.892002855034255138e-01 1.920130006381402799e-01
1.629526462395543263e+02 -5.605625032563212873e-01 1.718878991929803923e-01
1.639554317548746099e+02 -5.312379522510680685e-01 1.527773532330299333e-01
1.649582172701949503e+02 -5.012625592315307355e-01 1.347047758351514468e-01
1.659610027855152907e+02 -4.706730483155744382e-01 1.176923084202637360e-01
1.669637883008356312e+02 -4.395068960027913030e-01 1.017607936357195764e-01
1.679665738161559716e+02 -4.078022852604596404e-01 8.692974981107476351e-02
1.689693593314763120e+02 -3.755980587439857743e-01 7.321734704880018818e-02
1.699721448467966525e+02 -3.429336712091263784e-01 6.064038496721373128e-02
1.709749303621169929e+02 -3.098491411743015678e-01 4.921427210250581274e-02
1.719777158774373333e+02 -2.763850018922253682e-01 3.895300704848243117e-02
1.729805013927576738e+02 -2.425822516909063586e-01 2.986916129562907848e-02
1.739832869080779574e+02 -2.084823037448666483e-01 2.197386382947007916e-02
1.749860724233982978e+02 -1.741269353381136309e-01 1.527678749942064027e-02
1.759888579387186383e+02 -1.395582366810358688e-01 9.786137165528153992e-03
1.769916434540389787e+02 -1.048185593439020097e-01 5.508639646643422906e-03
1.779944289693593191e+02 -6.995046437017343743e-02 2.449535472569829703e-03
1.789972144846796596e+02 -3.499667013317261238e-02 6.125724737335719317e-04
1.800000000000000000e+02 -2.449293598294706414e-16 1.190279953544592933e-09
