Beta C_T^* C_Q^*
0.000000000000000000e+00 3.124651660000000164e-01 6.706228699999999820e-02
1.750190893364787087e-02 3.054600461902478026e-01 6.604875370651516753e-02
3.500381786729574174e-02 2.988437102338225015e-01 6.522695876090744971e-02
5.250572680094361261e-02 2.928262753414153097e-01 6.450474205605345734e-02
7.000763573459148348e-02 2.872939539153375188e-01 6.373766248088331976e-02
8.750954466823934741e-02 2.819081144623534763e-01 6.277859656906240038e-02
1.050114536018872252e-01 2.762436045505583526e-01 6.152170377239141175e-02
1.225133625355351030e-01 2.699281815749535740e-01 5.993015300427893127e-02
1.400152714691829670e-01 2.627483200712308342e-01 5.804209996984824316e-02
1.575171804028308309e-01 2.546982219161823546e-01 5.595546095678907011e-02
1.750190893364786948e-01 2.459652162391142982e-01 5.379745971079818306e-02
1.925209982701265865e-01 2.368615637340409641e-01 5.168840173538796767e-02
2.100229072037744504e-01 2.277257532784635885e-01 4.970990488139337415e-02
2.275248161374223144e-01 2.188226357095544028e-01 4.788587143125216244e-02
2.450267250710702061e-01 2.102699950856659061e-01 4.618050712643770317e-02
2.625286340047180422e-01 2.020103184207908964e-01 4.451284218519103997e-02
2.800305429383659339e-01 1.938332662013987906e-01 4.278281055502922148e-02
2.975324518720138256e-01 1.854403511721432196e-01 4.090112518873811887e-02
3.150343608056616618e-01 1.765323029292819312e-01 3.881460158493005991e-02
3.325362697393095535e-01 1.668942927238062091e-01 3.652026035001838811e-02
3.500381786729573896e-01 1.564557608741537764e-01 3.406491540851527833e-02
3.675400876066052813e-01 1.453093210346053377e-01 3.153104161469041239e-02
3.850419965402531730e-01 1.336848088802359835e-01 2.901338830549920686e-02
4.025439054739010092e-01 1.218867642345401320e-01 2.659310231699689789e-02
4.200458144075489009e-01 1.102132061360527326e-01 2.431649456777950150e-02
4.375477233411967926e-01 9.887802196161185608e-02 2.218401623253622376e-02
4.550496322748446287e-01 8.795762981229941768e-02 2.015200952549986435e-02
4.725515412084925204e-01 7.737543682838084191e-02 1.814623127396743779e-02
4.900534501421404121e-01 6.692709041753644450e-02 1.608299719237203315e-02
5.075553590757883038e-01 5.633852568912811609e-02 1.389189207755769928e-02
5.250572680094360845e-01 4.534030302724478129e-02 1.153379975179032006e-02
5.425591769430839761e-01 3.373789999976118531e-02 9.009513166675276255e-03
5.600610858767318678e-01 2.145934723331091587e-02 6.356920871058839920e-03
5.775629948103797595e-01 8.568240762157905768e-03 3.637949060688491689e-03
5.950649037440276512e-01 -4.760210377273139774e-03 9.191941715118261396e-04
6.125668126776754319e-01 -1.829250547337199495e-02 -1.748220048408143145e-03
6.300687216113233236e-01 -3.180437016705170428e-02 -4.343978907099518838e-03
6.475706305449712152e-01 -4.514403579896960478e-02 -6.884991534192295461e-03
6.650725394786191069e-01 -5.827462498889076498e-02 -9.421309653791837616e-03
6.825744484122669986e-01 -7.128516082371672002e-02 -1.202287418389146045e-02
7.000763573459147793e-01 -8.436846753473779825e-02 -1.476087912749346129e-02
7.175782662795626710e-01 -9.777310920541787409e-02 -1.768892477397409485e-02
7.350801752132105626e-01 -1.117431184698943342e-01 -2.082909020838576500e-02
7.525820841468584543e-01 -1.264618975924493571e-01 -2.416663764049804472e-02
7.700839930805063460e-01 -1.420147692010378382e-01 -2.765468260644264251e-02
7.875859020141542377e-01 -1.583789107340998481e-01 -3.122748281996101313e-02
8.050878109478020184e-01 -1.754415493950642335e-01 -3.481873356237995265e-02
8.225897198814499101e-01 -1.930395666300391000e-01 -3.837999638637028949e-02
8.400916288150978017e-01 -2.110081897879099444e-01 -4.189443467995260240e-02
8.575935377487456934e-01 -2.292246579557790931e-01 -4.538233396525712116e-02
8.750954466823935851e-01 -2.476349858408941618e-01 -4.889706719825571285e-02
8.925973556160413658e-01 -2.662574193324256377e-01 -5.251262875839810690e-02
9.100992645496892575e-01 -2.851632002702531588e-01 -5.630595593281919470e-02
9.276011734833371492e-01 -3.044417729883528989e-01 -6.033845486104844752e-02
9.451030824169850408e-01 -3.241617208755505630e-01 -6.464117566141265592e-02
9.626049913506329325e-01 -3.443394026093175020e-01 -6.920698228239254013e-02
9.801069002842808242e-01 -3.649243880578345589e-01 -7.399117226433918337e-02
9.976088092179286049e-01 -3.858053334833050352e-01 -7.891984704260658623e-02
1.015110718151576608e+00 -4.068335822681484748e-01 -8.390348540601645644e-02
1.032612627085224277e+00 -4.278564564533469672e-01 -8.885209301723311082e-02
1.050114536018872169e+00 -4.487494991084001184e-01 -9.368822531660828123e-02
1.067616444952520061e+00 -4.694376131226056237e-01 -9.835506794802163777e-02
1.085118353886167952e+00 -4.898988594010378894e-01 -1.028183136130424169e-01
1.102620262819815844e+00 -5.101504126938175565e-01 -1.070623409664162723e-01
1.120122171753463736e+00 -5.302220200932378225e-01 -1.110826923636257652e-01
1.137624080687111627e+00 -5.501264088785499107e-01 -1.148776764449339072e-01
1.155125989620759519e+00 -5.698371038253605692e-01 -1.184419020109831466e-01
1.172627898554407411e+00 -5.892816308358578281e-01 -1.217637349120692797e-01
1.190129807488055302e+00 -6.083527810080946452e-01 -1.248273270499099669e-01
1.207631716421703194e+00 -6.269340806836595226e-01 -1.276183944071546950e-01
1.225133625355350864e+00 -6.449299198650588760e-01 -1.301317344804474585e-01
1.242635534288998755e+00 -6.622878571114582114e-01 -1.323778915958978841e-01
1.260137443222646647e+00 -6.790016384728927434e-01 -1.343865426672285479e-01
1.277639352156294539e+00 -6.950885039945923216e-01 -1.362050203135904969e-01
1.295141261089942430e+00 -7.105422467650798213e-01 -1.378916700847358234e-01
1.312643170023590322e+00 -7.252721115422867681e-01 -1.395051045266955669e-01
1.330145078957238214e+00 -7.390444374792018989e-01 -1.410915134856598196e-01
1.347646987890886106e+00 -7.514467203093735392e-01 -1.426727497902984532e-01
1.365148896824533997e+00 -7.618912068245997649e-01 -1.442378169439454128e-01
1.382650805758181889e+00 -7.696673408551395479e-01 -1.457396967915775554e-01
1.400152714691829559e+00 -7.740409199286771846e-01 -1.470983696321104539e-01
1.417654623625477450e+00 -7.743853978886450218e-01 -1.482096752133957307e-01
1.435156532559125342e+00 -7.703205685085869892e-01 -1.489586179922873233e-01
1.452658441492773234e+00 -7.618287412675275316e-01 -1.492350390995691167e-01
1.470160350426421125e+00 -7.493202169576106408e-01 -1.489493494336812385e-01
1.487662259360069017e+00 -7.336285030624185577e-01 -1.480462095132943912e-01
1.505164168293716909e+00 -7.159296455305516060e-01 -1.465145256310815547e-01
1.522666077227364800e+00 -6.975962466024810960e-01 -1.443927422519688808e-01
1.540167986161012692e+00 -6.800114307895503973e-01 -1.417689992740622795e-01
1.557669895094660584e+00 -6.643776616948811053e-01 -1.387762028129537473e-01
1.575171804028308475e+00 -6.515574472525206273e-01 -1.355824196703570017e-01
1.592673712961956145e+00 -6.419768835132876328e-01 -1.323773003253232439e-01
1.610175621895604037e+00 -6.356099169361550949e-01 -1.293555372671423287e-01
1.627677530829251928e+00 -6.320440824956635728e-01 -1.266987235501745024e-01
1.645179439762899820e+00 -6.306112297734285388e-01 -1.245573760746584435e-01
1.662681348696547712e+00 -6.305533639230548326e-01 -1.230352386235908368e-01
1.680183257630195603e+00 -6.311872697828962986e-01 -1.221781335868167562e-01
1.697685166563843495e+00 -6.320334611669122804e-01 -1.219694316926590860e-01
1.715187075497491387e+00 -6.328846126653492332e-01 -1.223335513736717173e-01
1.732688984431139279e+00 -6.338035595715826309e-01 -1.231477869971376454e-01
1.750190893364787170e+00 -6.350575384174844684e-01 -1.242613388372111327e-01
1.767692802298435062e+00 -6.370096150007781288e-01 -1.255189449756528297e-01
1.785194711232082732e+00 -6.399968971920401151e-01 -1.267853380802107521e-01
1.802696620165730623e+00 -6.442263017146533377e-01 -1.279661999149694085e-01
1.820198529099378515e+00 -6.497123609530979227e-01 -1.290215907248390415e-01
1.837700438033026407e+00 -6.562696633861639928e-01 -1.299690343240336721e-01
1.855202346966674298e+00 -6.635581776634813522e-01 -1.308753688076135513e-01
1.872704255900322190e+00 -6.711665602479887083e-01 -1.318387532749444868e-01
1.890206164833970082e+00 -6.787097947010821697e-01 -1.329643537747615401e-01
1.907708073767617973e+00 -6.859151332967757808e-01 -1.343387083934044490e-01
1.925209982701265865e+00 -6.926746026985176607e-01 -1.360082023747710978e-01
1.942711891634913757e+00 -6.990518952098117023e-01 -1.379663061255794465e-01
1.960213800568561648e+00 -7.052436236070702691e-01 -1.401523618808662719e-01
1.977715709502209318e+00 -7.115064596533247077e-01 -1.424621396924998229e-01
1.995217618435857210e+00 -7.180696998969925415e-01 -1.447677001931943763e-01
2.012719527369505101e+00 -7.250554458557553206e-01 -1.469419345354963935e-01
2.030221436303153215e+00 -7.324254676675708842e-01 -1.488820346382856985e-01
2.047723345236800885e+00 -7.399660728329455761e-01 -1.505263760115090332e-01
2.065225254170448554e+00 -7.473122049137315148e-01 -1.518608484504072320e-01
2.082727163104096668e+00 -7.540023243736074798e-01 -1.529132002388011169e-01
2.100229072037744338e+00 -7.595488813480832935e-01 -1.537368748046490374e-01
2.117730980971392452e+00 -7.635069578981982241e-01 -1.543884133016581728e-01
2.135232889905040121e+00 -7.655262049979096872e-01 -1.549041341944939476e-01
2.152734798838688235e+00 -7.653774735934132378e-01 -1.552820660208941439e-01
2.170236707772335905e+00 -7.629535125393980266e-01 -1.554739158503738450e-01
2.187738616705984018e+00 -7.582503851680326701e-01 -1.553894733779234427e-01
2.205240525639631688e+00 -7.513407691929459009e-01 -1.549128436481937710e-01
2.222742434573279802e+00 -7.423508813241269655e-01 -1.539269941917411344e-01
2.240244343506927471e+00 -7.314494486383867899e-01 -1.523410023074781017e-01
2.257746252440575141e+00 -7.188511423387876631e-01 -1.501136125459731352e-01
2.275248161374223255e+00 -7.048301976820007253e-01 -1.472674623125921067e-01
2.292750070307870924e+00 -6.897347610231716608e-01 -1.438904359905933406e-01
2.310251979241519038e+00 -6.739905664151000231e-01 -1.401235682448248032e-01
2.327753888175166708e+00 -6.580846074095115794e-01 -1.361380309605010330e-01
2.345255797108814821e+00 -6.425250762721321784e-01 -1.321062648318912514e-01
2.362757706042462491e+00 -6.277814302481289355e-01 -1.281736576499386548e-01
2.380259614976110605e+00 -6.142157782957824441e-01 -1.244370141604769081e-01
2.397761523909758274e+00 -6.020215888947839655e-01 -1.209344525107469842e-01
2.415263432843406388e+00 -5.911863475624262732e-01 -1.176486887893417738e-01
2.432765341777054058e+00 -5.814907085585078184e-01 -1.145225693214558249e-01
2.450267250710701727e+00 -5.725486723688771873e-01 -1.114829072855917508e-01
2.467769159644349841e+00 -5.638833127821103464e-01 -1.084668213154900002e-01
2.485271068577997511e+00 -5.550231685646838109e-01 -1.054442728752269798e-01
2.502772977511645625e+00 -5.455981721501543813e-01 -1.024314473649035606e-01
2.520274886445293294e+00 -5.354127529148641207e-01 -9.949177693284240453e-02
2.537776795378941408e+00 -5.244781193382792583e-01 -9.672424809393072309e-02
2.555278704312589078e+00 -5.129948382879576663e-01 -9.424152010252573319e-02
2.572780613246237191e+00 -5.012885690029962316e-01 -9.214265921217540400e-02
2.590282522179884861e+00 -4.897133048488289675e-01 -9.048648574332762706e-02
2.607784431113532975e+00 -4.785448375637074703e-01 -8.927141054085285798e-02
2.625286340047180644e+00 -4.678902199086859004e-01 -8.842627601606964372e-02
2.642788248980828314e+00 -4.576358868986829531e-01 -8.781444916583071303e-02
2.660290157914476428e+00 -4.474484566000189179e-01 -8.725074870165190621e-02
2.677792066848124097e+00 -4.368301009584324990e-01 -8.652828748089384792e-02
2.695293975781772211e+00 -4.252176618073775227e-01 -8.545046594450408928e-02
2.712795884715419881e+00 -4.121044410183337670e-01 -8.386248546009052174e-02
2.730297793649067994e+00 -3.971582560036642784e-01 -8.167696593305356911e-02
2.747799702582715664e+00 -3.803101460570785797e-01 -7.888943421588502647e-02
2.765301611516363778e+00 -3.617947614608219564e-01 -7.558131045321289654e-02
2.782803520450011447e+00 -3.421342779363666931e-01 -7.191017384793767231e-02
2.800305429383659117e+00 -3.220700057184223142e-01 -6.808914147869223055e-02
2.817807338317307231e+00 -3.024567762115560887e-01 -6.435881090846426456e-02
2.835309247250954900e+00 -2.841422114856566594e-01 -6.095617928226798599e-02
2.852811156184603014e+00 -2.678546805067017478e-01 -5.808517036647905391e-02
2.870313065118250684e+00 -2.541200450944604006e-01 -5.589291240401000893e-02
2.887814974051898798e+00 -2.432194332391653946e-01 -5.445484653036618966e-02
2.905316882985546467e+00 -2.351904167870267348e-01 -5.377030242026782647e-02
2.922818791919194581e+00 -2.298646198702491705e-01 -5.376857734451909177e-02
2.940320700852842251e+00 -2.269281307199155773e-01 -5.432401995542554540e-02
2.957822609786490364e+00 -2.259884643804814519e-01 -5.527735417813211399e-02
2.975324518720138034e+00 -2.266334208619930068e-01 -5.645964930393878450e-02
2.992826427653785704e+00 -2.284720917665765960e-01 -5.771506701574406761e-02
3.010328336587433817e+00 -2.311548000456773999e-01 -5.891884548430237345e-02
3.027830245521081487e+00 -2.343749621808337291e-01 -5.998788403694724908e-02
3.045332154454729601e+00 -2.378600827706474075e-01 -6.088264723275762375e-02
3.062834063388377270e+00 -2.413604028997236028e-01 -6.160070466013992108e-02
3.080335972322025384e+00 -2.446421372151052209e-01 -6.216378682339267214e-02
3.097837881255673054e+00 -2.474886235186925798e-01 -6.260146925160189890e-02
3.115339790189321167e+00 -2.497084865200097925e-01 -6.293523248856668084e-02
3.132841699122968837e+00 -2.511465740777148459e-01 -6.316651833985850728e-02
3.150343608056616951e+00 -2.516920603028677816e-01 -6.327149452671121388e-02
3.167845516990264620e+00 -2.512791073565179834e-01 -6.320370450640691584e-02
3.185347425923912290e+00 -2.498784026757736587e-01 -6.290392688570058122e-02
3.202849334857560404e+00 -2.474816494805961442e-01 -6.231480943725895005e-02
3.220351243791208073e+00 -2.440843006644411450e-01 -6.139659650076568359e-02
3.237853152724856187e+00 -2.396732660727155240e-01 -6.013986381454789615e-02
3.255355061658503857e+00 -2.342253363199788829e-01 -5.857175791691487943e-02
3.272856970592151971e+00 -2.277188006904535544e-01 -5.675372023176036146e-02
3.290358879525799640e+00 -2.201561270535001558e-01 -5.477073984356033848e-02
3.307860788459447754e+00 -2.115910742000291778e-01 -5.271433726990778362e-02
3.325362697393095424e+00 -2.021507584896072574e-01 -5.066319263556730984e-02
3.342864606326743537e+00 -1.920431285633313612e-01 -4.866613453154015889e-02
3.360366515260391207e+00 -1.815433545320264963e-01 -4.673184494063353095e-02
3.377868424194038877e+00 -1.709581979080510294e-01 -4.482814064463432058e-02
3.395370333127686990e+00 -1.605740468836015789e-01 -4.289138771219345309e-02
3.412872242061334660e+00 -1.506000733366372746e-01 -4.084404663678603553e-02
3.430374150994982774e+00 -1.411210710621352282e-01 -3.861618179050185090e-02
3.447876059928630443e+00 -1.320737785749606652e-01 -3.616558173514079072e-02
3.465377968862278557e+00 -1.232557126700966482e-01 -3.349128258542741904e-02
3.482879877795926227e+00 -1.143677300584752532e-01 -3.063678934510548693e-02
3.500381786729574340e+00 -1.050826308943730164e-01 -2.768181876622167678e-02
3.517883695663222010e+00 -9.512451685510150967e-02 -2.472432474324160953e-02
3.535385604596870124e+00 -8.433952615975005840e-02 -2.185715995528153890e-02
3.552887513530517793e+00 -7.273937528895932370e-02 -1.914527872691774990e-02
3.570389422464165463e+00 -6.050496840796888709e-02 -1.660944398512115283e-02
3.587891331397813577e+00 -4.794694509978910529e-02 -1.422089022211616045e-02
3.605393240331461246e+00 -3.543107167312744415e-02 -1.190865256812971042e-02
3.622895149265109360e+00 -2.328596391662959147e-02 -9.577979198369546837e-03
3.640397058198757030e+00 -1.171611671031190169e-02 -7.135255097543172394e-03
3.657898967132405144e+00 -7.429305117117124355e-04 -4.512988193739453195e-03
3.675400876066052813e+00 9.809843897561770082e-03 -1.688187656960018134e-03
3.692902784999700927e+00 2.028068937149892989e-02 1.310979623838250032e-03
3.710404693933348597e+00 3.109217320463599984e-02 4.412385373979489309e-03
3.727906602866996710e+00 4.264870992201395122e-02 7.519458507047090644e-03
3.745408511800644380e+00 5.523582797477033512e-02 1.053811587842984863e-02
3.762910420734292050e+00 6.894700740191674060e-02 1.340402037495005798e-02
3.780412329667940163e+00 8.365779243548218669e-02 1.610274528231767088e-02
3.797914238601587833e+00 9.905512081987279116e-02 1.867708791726603590e-02
3.815416147535235947e+00 1.147155778073317145e-01 2.121906594311047389e-02
3.832918056468883616e+00 1.302132658844245006e-01 2.384821613766682433e-02
3.850419965402531730e+00 1.452296737133461357e-01 2.668161673523941624e-02
3.867921874336179400e+00 1.596366875795109108e-01 2.980352246521231901e-02
3.885423783269827513e+00 1.735302715912630245e-01 3.324290676787739623e-02
3.902925692203475183e+00 1.872048927206187707e-01 3.696535058885535435e-02
3.920427601137123297e+00 2.010743350397401208e-01 4.088201275892352354e-02
3.937929510070770966e+00 2.155590753237056623e-01 4.487379862251150014e-02
3.955431419004418636e+00 2.309699611426709598e-01 4.882453975244455818e-02
3.972933327938066750e+00 2.474198138679962744e-01 5.265420824647428638e-02
3.990435236871714419e+00 2.647880019692947506e-01 5.634275672432169368e-02
4.007937145805362533e+00 2.827494563125959592e-01 5.993733727653502430e-02
4.025439054739010203e+00 3.008624139795827990e-01 6.353994693585450493e-02
4.042940963672657873e+00 3.186928586703417499e-01 6.727790224160719312e-02
4.060442872606306430e+00 3.359425960214282858e-01 7.126454125757507307e-02
4.077944781539954100e+00 3.525453508233520883e-01 7.556078845726055260e-02
4.095446690473601770e+00 3.687022636962868360e-01 8.014869944250126166e-02
4.112948599407249439e+00 3.848432679488976715e-01 8.492552796341168442e-02
4.130450508340897109e+00 4.015203956788334083e-01 8.972174360563640871e-02
4.147952417274545667e+00 4.192580970027299236e-01 9.434001482655300641e-02
4.165454326208193336e+00 4.383990612964314693e-01 9.860612858209717724e-02
4.182956235141841006e+00 4.589879384858309153e-01 1.024188182921473983e-01
4.200458144075488676e+00 4.807281970398605830e-01 1.057847428287259917e-01
4.217960053009137233e+00 5.030303506443104533e-01 1.088278227944121102e-01
4.235461961942784903e+00 5.251467768708379946e-01 1.117682518783562062e-01
4.252963870876432573e+00 5.463649237809042880e-01 1.148743345784253023e-01
4.270465779810080242e+00 5.662128412977033287e-01 1.183978748826310101e-01
4.287967688743728800e+00 5.846235745716471532e-01 1.225091069032295255e-01
4.305469597677376470e+00 6.020105342775748936e-01 1.272485447105280998e-01
4.322971506611024139e+00 6.192239279285230991e-01 1.325099804356735800e-01
4.340473415544671809e+00 6.373850230392422711e-01 1.380616729272844123e-01
4.357975324478319479e+00 6.576244346320342382e-01 1.436031343537981508e-01
4.375477233411968037e+00 6.807758649985521382e-01 1.488451808092033368e-01
4.392979142345615706e+00 7.070915530719105169e-01 1.535935995374150265e-01
4.410481051279263376e+00 7.360461108904396976e-01 1.578139855986278317e-01
4.427982960212911046e+00 7.662806681854263946e-01 1.616580880404963338e-01
4.445484869146559603e+00 7.957120510100835764e-01 1.654401028061191214e-01
4.462986778080207273e+00 8.217977719062702358e-01 1.695631146199415018e-01
4.480488687013854943e+00 8.419142784017408232e-01 1.744086453221250776e-01
4.497990595947502612e+00 8.537805775285478571e-01 1.802129061333545279e-01
4.515492504881150282e+00 8.558477324131594788e-01 1.869590900388991839e-01
4.532994413814798840e+00 8.475795296518437993e-01 1.943141178731435659e-01
4.550496322748446509e+00 8.295699471167621297e-01 2.016304226383135723e-01
4.567998231682094179e+00 8.034746086099437967e-01 2.080200312069241941e-01
4.585500140615741849e+00 7.717694685023827050e-01 2.124921887022970801e-01
4.603002049549390406e+00 7.373829001198082267e-01 2.141306658499566029e-01
4.620503958483038076e+00 7.032703440355088098e-01 2.122762559819051376e-01
4.638005867416685746e+00 6.720091775134738876e-01 2.066764860467183162e-01
4.655507776350333415e+00 6.454841950217153901e-01 1.975693648863160734e-01
4.673009685283981085e+00 6.247131574980252511e-01 1.856803317872531556e-01
4.690511594217629643e+00 6.098322177874994088e-01 1.721289513844666275e-01
4.708013503151277312e+00 6.002292334661946116e-01 1.582606038324750608e-01
4.725515412084924982e+00 5.947857252749565449e-01 1.454343242771462541e-01
4.743017321018572652e+00 5.921708682416849667e-01 1.348074833092363922e-01
4.760519229952221210e+00 5.911263110553695022e-01 1.271589783359437231e-01
4.778021138885868879e+00 5.906887808803393813e-01 1.227847312785780853e-01
4.795523047819516549e+00 5.903155951571245064e-01 1.214842506457456811e-01
4.813024956753164219e+00 5.899016924309602450e-01 1.226381141071033326e-01
4.830526865686812776e+00 5.897001825278606058e-01 1.253576181861610073e-01
4.848028774620460446e+00 5.901767785293758894e-01 1.286735908995470801e-01
4.865530683554108116e+00 5.918384327352380625e-01 1.317245201857501491e-01
4.883032592487755785e+00 5.950768338362639742e-01 1.339060613837632085e-01
4.900534501421403455e+00 6.000591290084857921e-01 1.349540067847242453e-01
4.918036410355052013e+00 6.066840814628624567e-01 1.349484739080412943e-01
4.935538319288699682e+00 6.146055965243087948e-01 1.342447259463366294e-01
4.953040228222347352e+00 6.233109055092733719e-01 1.333516607577746038e-01
4.970542137155995022e+00 6.322306208373746905e-01 1.327891636227719607e-01
4.988044046089643579e+00 6.408539197456870617e-01 1.329581465572624577e-01
5.005545955023291249e+00 6.488242763464731055e-01 1.340519283288069130e-01
5.023047863956938919e+00 6.559981014883530248e-01 1.360261869081533792e-01
5.040549772890586588e+00 6.624581850590505194e-01 1.386299697855304380e-01
5.058051681824234258e+00 6.684835698435733775e-01 1.414857598983303433e-01
5.075553590757882816e+00 6.744853922565113846e-01 1.441957348359411972e-01
5.093055499691530486e+00 6.809230446940894854e-01 1.464464930494501771e-01
5.110557408625178155e+00 6.882164018790242199e-01 1.480864995728932432e-01
5.128059317558825825e+00 6.966682697475861108e-01 1.491585107050721060e-01
5.145561226492474383e+00 7.064076358034827585e-01 1.498810607648654314e-01
5.163063135426122052e+00 7.173598535332297299e-01 1.505857161500572527e-01
5.180565044359769722e+00 7.292455432941628013e-01 1.516271587441634650e-01
5.198066953293417392e+00 7.416063415918674462e-01 1.532888841734912355e-01
5.215568862227065949e+00 7.538528912148489969e-01 1.557072590750630259e-01
5.233070771160713619e+00 7.653285611820317413e-01 1.588311964718533420e-01
5.250572680094361289e+00 7.753811367693937973e-01 1.624254039070613109e-01
5.268074589028008958e+00 7.834340128883988674e-01 1.661145000309408593e-01
5.285576497961656628e+00 7.890483111957976581e-01 1.694559386729827810e-01
5.303078406895305186e+00 7.919680259563394165e-01 1.720238085763954594e-01
5.320580315828952855e+00 7.921420232242502024e-01 1.734843870702795499e-01
5.338082224762600525e+00 7.897195737412312511e-01 1.736477815428038585e-01
5.355584133696248195e+00 7.850199066144338822e-01 1.724869070155026218e-01
5.373086042629896752e+00 7.784804926202829600e-01 1.701234500750742340e-01
5.390587951563544422e+00 7.705925811317838603e-01 1.667881499810790480e-01
5.408089860497192092e+00 7.618350037388141871e-01 1.627678197039224006e-01
5.425591769430839761e+00 7.526176670940131208e-01 1.583529679839242033e-01
5.443093678364487431e+00 7.432441582268279889e-01 1.537976332120452594e-01
5.460595587298135989e+00 7.338987386604368668e-01 1.492980415806494376e-01
5.478097496231783659e+00 7.246575678556900213e-01 1.449905618510672622e-01
5.495599405165431328e+00 7.155185553106065965e-01 1.409639468371892135e-01
5.513101314099078998e+00 7.064401830345374833e-01 1.372775178430339915e-01
5.530603223032727556e+00 6.973780769409186897e-01 1.339765482867830426e-01
5.548105131966375225e+00 6.883095313472512577e-01 1.310985309326865023e-01
5.565607040900022895e+00 6.792402951646524523e-01 1.286683406459442069e-01
5.583108949833670565e+00 6.701936278713240824e-01 1.266850753011539987e-01
5.600610858767318234e+00 6.611873292858675422e-01 1.251070250131803285e-01
5.618112767700966792e+00 6.522084537226843226e-01 1.238426011886984285e-01
5.635614676634614462e+00 6.431964487482568771e-01 1.227536761965470485e-01
5.653116585568262131e+00 6.340430272262900235e-01 1.216740122238981897e-01
5.670618494501909801e+00 6.246117088716167665e-01 1.204404075834709514e-01
5.688120403435558359e+00 6.147731023581467502e-01 1.189294001933385581e-01
5.705622312369206028e+00 6.044456647007239170e-01 1.170893654196119849e-01
5.723124221302853698e+00 5.936279221094326042e-01 1.149576928444326074e-01
5.740626130236501368e+00 5.824084436019768551e-01 1.126557035446603544e-01
5.758128039170149925e+00 5.709446446019782462e-01 1.103594606044754345e-01
5.775629948103797595e+00 5.594099000302762414e-01 1.082512560062578594e-01
5.793131857037445265e+00 5.479184433138011290e-01 1.064625434224037159e-01
5.810633765971092934e+00 5.364463994028189076e-01 1.050227116212745088e-01
5.828135674904740604e+00 5.247723254650504821e-01 1.038281790674570465e-01
5.845637583838389162e+00 5.124598494551149130e-01 1.026425413978755696e-01
5.863139492772036832e+00 4.988978158667025653e-01 1.011316265393280150e-01
5.880641401705684501e+00 4.834008516219889251e-01 9.892887427196214722e-02
5.898143310639332171e+00 4.653580764093091515e-01 9.571851278205369129e-02
5.915645219572980729e+00 4.444034147555636638e-01 9.131858565184146348e-02
5.933147128506628398e+00 4.205713707287063174e-01 8.574447681680648359e-02
5.950649037440276068e+00 3.944001279494492307e-01 7.923673737572241305e-02
5.968150946373923738e+00 3.669507290239801822e-01 7.224417979714639615e-02
5.985652855307571407e+00 3.397260721023636076e-01 6.536281663380741347e-02
6.003154764241219965e+00 3.144936982469528908e-01 5.924108790671146763e-02
6.020656673174867635e+00 2.930375121377261638e-01 5.446963447256254753e-02
6.038158582108515304e+00 2.768808444786108880e-01 5.147776909971899656e-02
6.055660491042162974e+00 2.670324171253418144e-01 5.045780839257488215e-02
6.073162399975811532e+00 2.638052707489665361e-01 5.133273262259436392e-02
6.090664308909459201e+00 2.667463711660725267e-01 5.377351504235777097e-02
6.108166217843106871e+00 2.746937271715874096e-01 5.726198385545165637e-02
6.125668126776754541e+00 2.859527679719841009e-01 6.118562769916913169e-02
6.143170035710403099e+00 2.985598578052440222e-01 6.494444562142993871e-02
6.160671944644050768e+00 3.105834232409179774e-01 6.804813261846680283e-02
6.178173853577698438e+00 3.204061022192229435e-01 7.018487320326854961e-02
6.195675762511346107e+00 3.269361582869166893e-01 7.124996671082590993e-02
6.213177671444993777e+00 3.297120223014933793e-01 7.133171542554540834e-02
6.230679580378642335e+00 3.288866818642038337e-01 7.066129316576327812e-02
6.248181489312290005e+00 3.251035897761213045e-01 6.954056571313148305e-02
6.265683398245937674e+00 3.192972649277893149e-01 6.826550533316252944e-02
6.283185307179586232e+00 3.124651660000004050e-01 6.706228700000003984e-02
